ADIG01	164909	0.0	0.0014491943253142183	0.0007915474737572787	0.0007516138917805212	0.0012918682231687414	0.0007891598339172527	0.0015620326288571262	0.0009249740731739043	0.0014824462262252298	0.0005208473861984077	0.0006192876836236729	0.0012365682109417517	0.0010893898280557668	0.0014471233931621593	0.00030022406033620183	0.0016047067160659002	0.001217035545547875	0.0017439963813252126	0.0014620896197173605	0.000307665580572076	0.0007740827747366676	0.0015170796073091437	0.0016707658663197922	0.0013311372647436337	0.0013387811217381688	0.0014675410968598267	0.0012804313249848958	0.0015918383534526597	0.0014391303865101636	0.0013305634073735675	0.0012131069295030614	0.001613750168504762	0.0003320903493962931	0.000599978551987916	0.0009332413702946372	0.0004662474492715323	0.0009595385159961829	0.0015746861279550106	0.0015598076067486486	0.0006174861445867521	0.001744900334759117	0.001529636059123123	0.0014574631953492524	0.001747971291771742	0.0018432518173494155	0.0015968216698751731	0.001844396494652606	0.001501725513274784	0.001690672614771055	0.0013064961779145304	0.0015235677994340406	0.0014242041268908603	0.0013457481443592352	0.0010743043707378453	0.0015241676030393811	0.0016520906004390352	0.0015882639931321502	0.0006276729015266743	0.0016485859341871028	0.0014960106021393751	0.001653192770644359	0.0005280432296031505	0.001661805664756051	0.001777852624012039	0.001424306030828497	0.0011337860714866034	0.001045037613728237	0.001604977366536585	0.0014014802422311384	0.001322614160215199	0.001578622143659722	0.0015983652785177657	0.0015138786320938388	0.0016304701323824268	0.0015562769841094436	0.001705103559124361	0.0015308430686626798	0.0015765434384681642	0.0016829828139017277	0.0016547293881365747	0.0015213950930745468	0.0016271600215897186	0.0015719830613312136	0.0013983529213606187	0.001713446045160172	0.0015727168111311736	0.0016592461694860624	0.0016624337189270447	0.0017666855315260819	0.0016369110541390982	0.001588292122878625	0.001596833560002211	0.00128372477116784	0.0018768158796380928	0.0015997571534602485	0.001473189090321307	0.0014823299898769227	0.001650133397408429	0.0016329623940624293	0.0017246780962054855
ADIG02	164910	0.0014491943253142183	0.0	0.002191218222773268	0.0007318942381182411	0.00023222197287309937	0.0006943394698640689	0.00044496217576272905	0.0021275377727927054	0.00270941394414294	0.001966243174704333	0.0019944581321908023	0.00032012174196258884	0.0022751827464321953	0.0002843268162148643	0.0016990974893526414	0.0003968742451934109	0.0003466547873662099	0.000529124476388891	0.0002472309366040983	0.0014095188781367356	0.0021539165109337967	0.002663998753265999	0.0025327829703812588	0.0002240971372911874	0.00019054996172019703	6.331354764548131e-05	0.0021912993342989287	0.0001563911800040011	0.00025953160494148245	0.000316974592799981	0.0002894634782534762	0.00039881809866960065	0.0014192968940630515	0.0019484825859554197	0.0005685646956438417	0.0018544114939478033	0.0005552119105713056	0.00012549180264079224	0.0001304411144643393	0.00206668046990097	0.0003491607859508033	0.00033467959557398927	0.00030682710438882074	0.000533160058187456	0.0006284169766830049	0.0003979996432129641	0.0006295652550665198	0.0002883716295759356	0.00028201266787036085	0.0002897680483551145	0.00030873375900770223	0.00023166221049781343	0.0005581026506752027	0.0004689125246874065	0.0004109962717615285	0.0004806830948819112	0.0003864089196158848	0.0009069540801650761	0.0004855137853300655	0.0003169385639827997	0.000604051037130361	0.0018650116291483686	0.0002515974138041413	0.002758234315296366	0.001694021368494766	0.00042364240040991015	0.0005948208514699115	0.0002314708203561071	0.00043822668054416323	0.00030278945046474225	0.00012944942482744814	0.0003980180921076324	0.0003005660572671802	0.00041557833629405537	0.00034140733299990007	0.0004901434768630588	0.00031895480016281625	0.00036169058837651284	0.00046804489576276543	0.0004397950707177565	8.139318044413335e-05	0.0002001231366642034	0.0003624160708269493	0.00045006712822846855	0.00026428653028908665	0.00037995868315941566	0.0004442714828434455	0.0004475715216639991	0.0003192193056416923	0.00042200669280650666	0.00037337271574583604	0.0003819316992297687	0.000293302146824047	0.0006618587522940717	0.0003848404882464738	0.0002796837511653497	0.00026743374032975646	0.0004352308758456312	0.00041804152758827647	0.0002984275002100628
ADIG03	164911	0.0007915474737572787	0.002191218222773268	0.0	0.0014936377892395712	0.0020338909169832662	0.001531178137324524	0.00230405194789496	0.0002749035740628985	0.0007795177835238363	0.0003684939330621676	0.00033199276087870306	0.001978586529679495	0.00039335868805044047	0.002189146086976684	0.0006187212937785148	0.0023467294098804253	0.0019590582393624006	0.002486019075139738	0.002204112313531886	0.0007816993446365325	0.00018344220603482773	0.0007895911449716364	0.0010472425462966354	0.002073159958558159	0.0020808038155526944	0.002209564994318877	0.0006587389227769858	0.0023338622509117097	0.002181153080324689	0.0020687792258768235	0.001955130630925714	0.002355772862319287	0.0007863685596365085	0.00041724687690365355	0.0016752564734425828	0.0004184143559784311	0.0016939463852149621	0.00231671002541406	0.002301831504207699	0.00030168156328062444	0.002486924232218167	0.0022716587529376486	0.0021987315368912296	0.002489994793134376	0.002585274511163941	0.0023388443636896982	0.0025864191884671316	0.0022437482129363234	0.002432696512230105	0.002048518871729056	0.002265590493248566	0.002163182409806681	0.0020801566826912435	0.0018163282681968951	0.0022661901230375025	0.0023941132942535606	0.0023302866869466757	0.0013162801241207974	0.002390608628001628	0.0022380332959539007	0.0023898859180783256	0.0003606840004103279	0.0024038295622151006	0.0009947301465993038	0.000950506198840367	0.001846100359200153	0.001775617741481268	0.0023470012639956344	0.0021434999613890084	0.0020623579321693408	0.002320646041118772	0.0023403879723322913	0.002255901325908364	0.002372492826196952	0.002298299677923969	0.002447127456583411	0.002272865762477205	0.002318567335927214	0.0024250055077162528	0.0023967520819511	0.0022634189905335962	0.002369183919048768	0.0023140057551457394	0.002140376622783271	0.002455469942619222	0.002314739504945699	0.0024012700669451123	0.00240445641274157	0.0025087094289851317	0.0023789337479536233	0.0023303148166931506	0.0023388564611847916	0.001994419663825584	0.0026188397770971427	0.002341779847274774	0.002215211784135832	0.002224352683691448	0.0023921560912229544	0.0023749850878769553	0.002466701993664535
ADIG04	164912	0.0007516138917805212	0.0007318942381182411	0.0014936377892395712	0.0	0.0005998833956456901	0.00025721344181397734	0.0008944702707499409	0.001533703773806674	0.0021759065410892507	0.0012686627411706355	0.001296877698657105	0.0005331721718702772	0.0017447132636895372	0.0006955417150681573	0.0010015170558189445	0.0008531224388127989	0.0006096937096839678	0.0009924125009101825	0.0007105069431045153	0.0008278299345846974	0.0014563360774000995	0.002152613615000183	0.002180327819504093	0.0005986963119222928	0.0006223501915140373	0.0007159272050793055	0.0018388441834217629	0.0008402244616721385	0.0007210907015772789	0.0006630472607217202	0.0004965956628556622	0.000862165889630526	0.0008987520897791822	0.0012735829414339738	0.00038470791567102243	0.001156831060414106	0.0003912214759344366	0.0008230722361744895	0.0008081937149681275	0.0013691000363672732	0.000993286442978596	0.0008093144937210996	0.0007540188446652978	0.00099638461217729	0.0010916675384751795	0.0008780257782002655	0.0010928128159584244	0.0007501396353814264	0.0009756996921763687	0.0006205581855571118	0.000771984120739859	0.0007122916348275419	0.0006820186530346262	0.0003998152421297164	0.0008420870765616847	0.0009378706069213844	0.0008367093917162308	0.0004819633395354699	0.0009069080336946539	0.0007810204747149431	0.0010039446653930788	0.0011840321748284484	0.0009101917729755298	0.0023584010607154964	0.0014974150827426497	0.0005128199102821025	0.000628405406711737	0.0009098779003588234	0.0007323952181641654	0.0006336933059498118	0.0008270082518792007	0.000849103778772348	0.0007622973541198731	0.0008788872556895495	0.0008046935054752797	0.00095348966734384	0.0007792603884876977	0.0008249555544899839	0.0009313989334866976	0.0009031437073614726	0.000772104780662915	0.0008755461298091973	0.0008204003811562317	0.0008070124011163183	0.0009618321533796509	0.0008364208799059815	0.0009076322777055413	0.0009108500419140392	0.0010150716397455605	0.0008853279721435776	0.000836708846025684	0.0008452474805878132	0.0009164842343394537	0.0011252019878575717	0.0008481730746460307	0.0007353956997086285	0.0007307453093018608	0.000898548516793359	0.0008813801157883735	0.0009730642044249644
ADIG05	164913	0.0012918682231687414	0.00023222197287309937	0.0020338909169832662	0.0005998833956456901	0.0	0.0006454590971569408	0.00029776094448715694	0.0019702068714091423	0.00255208363771366	0.0018089122733207696	0.0018371288247995199	0.0001231260672409457	0.0021178518450486322	0.0001552593585649151	0.001541769185886372	0.00033309544727891144	0.0001428090558130915	0.0004583676485769644	0.00017258229212685047	0.0013109831410237922	0.0019965882043431545	0.0025066682431309183	0.0023754520689976953	4.319347983339069e-05	5.00605196178468e-05	0.0002474353602641057	0.0020339712263257935	0.0003694078592970677	0.00015108114945397883	0.000348381060414166	0.00011166184269108788	0.0003295801582210904	0.0013253142910071955	0.0017911516845718566	0.00036016040496324506	0.0016970815877987192	0.00034528009300726725	0.0003522280363845398	0.00033734031241734947	0.0019093537645913533	0.0005224906103293148	0.0002486099282513006	0.0001726349758903563	0.00047306981550392964	0.0005591784360544407	0.0003173126992466654	0.0005580370864695651	0.00023068598256302517	0.0004683123525493889	0.0001470703694902705	0.00024252147858481278	0.00014550645021008373	0.0004292802272378805	0.00033841226473770193	0.00027836497716813354	0.0003719617891216077	0.0003064507794068221	0.0007993163457082835	0.0003685336460052756	0.00021204595227423807	0.0004682878110003094	0.0017076859173506477	0.0004402145836963463	0.002600903413912803	0.0016687599267766482	0.00019694038203281347	0.0005512826392450777	0.00038412331988813393	0.00029414909680222694	0.00017080271968787522	0.0003561804570107275	0.0003173107134433117	0.00022203497567887707	0.00034099380705282094	0.0002690079226704256	0.0004826732650287871	0.00024059290774010523	0.0003045043880055441	0.00039728806795083895	0.0003759010387049897	0.0002989742017998187	0.00040476879929971974	0.0002840976646767188	0.0003080716166627408	0.0004910395690743466	0.0002879235963617472	0.0004367858349342355	0.0003815046674469786	0.0005514376665668614	0.0003489725150652188	0.00030031155657262885	0.0003211124376681919	0.00043738369563643274	0.0006543921524077303	0.00031483632670729076	0.00018596603181882424	0.00020202031196617668	0.000368283100418641	0.00034117388376440796	0.0005022890144736205
ADIG06	164914	0.0007891598339172527	0.0006943394698640689	0.001531178137324524	0.00025721344181397734	0.0006454590971569408	0.0	0.0009155570470901079	0.0014674976873439612	0.0020493738586941958	0.0013062030892555885	0.001334418046742058	0.0005504867712261332	0.001615142660983451	0.000761039926602746	0.0010390574039038972	0.0009185810981315478	0.0006738795666349422	0.0010578711602289314	0.0007759656024232643	0.0007823294435334142	0.0014938764254850525	0.0020039586678172543	0.0020979435979290124	0.0006450441953033564	0.0006854544101923648	0.0006783868569943527	0.0017076304797965995	0.0008026841135871858	0.0007865670543328763	0.0005810831200394052	0.0005621178657444885	0.0009276245489492749	0.0007592568086143072	0.0012884425005066755	0.0003960767049024513	0.0011943714084990589	0.00040256468271135544	0.0007855318880895364	0.0007706533668831744	0.0014066403844522264	0.0009557460948936432	0.0008747639176593591	0.0008109861199402711	0.001061843271496039	0.0011571261977939284	0.0009434700173497951	0.0011582714752771733	0.0008155982947001753	0.0009358177593209056	0.0006584867181426001	0.0008374427800586079	0.0007777338558846488	0.000699285260424108	0.00045932991332408104	0.0008753983935440445	0.0010033096623193493	0.0009021377733966092	0.0002820510701514443	0.0009624613114903296	0.0008464691320332919	0.0010165559793539117	0.0012049715436996244	0.0008726514248905768	0.002204336044903298	0.001366668022578983	0.0005241752648137862	0.0005367480473675082	0.0008508866829993998	0.0007550100620846063	0.0006761404675500106	0.0007894679037942479	0.000912238858722207	0.000827756013438622	0.0009443459150082985	0.0008701521647940286	0.0010189655352668909	0.0008447190478064466	0.0008904142138087327	0.0009968575928054465	0.0009686023666802214	0.0007322408532090725	0.0008380057817242444	0.0008858590404749805	0.0008712285357056632	0.0009242918052946979	0.0008865923901949244	0.0009731081456285922	0.0009763087012327881	0.0009775312916606076	0.0009507866314623268	0.0009021675053444327	0.0009107061399065621	0.0008776969443567775	0.0011906778557806228	0.0009136317339647796	0.0007870642710058921	0.0007962039686206096	0.000964007176112108	0.0009468387751071225	0.0009355238563400114
ADIG07	164915	0.0015620326288571262	0.00044496217576272905	0.00230405194789496	0.0008944702707499409	0.00029776094448715694	0.0009155570470901079	0.0	0.002240367704082092	0.002822244668625353	0.0020790731059937197	0.002107289855711213	0.00036827753705111514	0.002388012677721582	0.00042178121174352303	0.001811930216798065	0.00012526111361395542	0.0004367892702010601	0.00018883812866556842	0.00024122692167142544	0.0015811443701742288	0.002266749235254848	0.002776829274042611	0.0026456129016706456	0.0002982038247874364	0.00028820621891018685	0.000502887510452691	0.002304132257237487	0.000460062209362809	0.00040155845436631014	0.0004343691969475557	0.00040636075140542164	0.00022118895677703305	0.0015954755201576317	0.002061312517244806	0.0006303725891110483	0.0019672426187104125	0.0006154920770550205	0.0005337272704711416	0.0005722611855956789	0.0021795147955030467	0.000398004500643293	0.00012018949886805705	0.00014128064744149826	0.00020352205997799345	0.00028962766876062846	5.005600135040509e-05	0.00028848811971591485	0.0002198855488980691	0.00028037074726417925	0.0002762729361350131	0.00034254780067020116	0.00027597902253194363	0.00022389987389216776	0.0006330781635490648	5.239759850955262e-05	0.00010007319993796114	0.00014764201237371232	0.0010694297557310689	9.664505682162903e-05	0.00014032130434235899	0.00017129960560068782	0.0019778471465010843	0.0002911658652295691	0.0028710642465857522	0.0018402482447231637	0.00046644393005880464	0.0008207244520734122	0.00022060480394118232	0.00018419691958587557	0.0002631377585459399	0.0005331122397819347	8.595882567770349e-05	0.00031447495118535593	0.00014237847993473095	0.0003370164627288189	0.0003224348680504152	0.0001834390223317096	0.00038932609717915384	0.00025923169141858185	0.00024165772568543527	0.00043767951849554897	0.000363994305775067	0.0001245830122196875	0.0006058209422226669	0.000443477430749225	0.00010473272717692601	0.00037212782517227766	0.00010964020222721193	0.000279549077383215	0.00016289644666526288	0.0002231266502428541	0.00015923160705211568	0.0007351330211963589	0.00038511714118853583	0.00023545888709612894	0.0002043123723817147	0.00022957541756075562	0.00020425501497023732	0.00022972905637691328	0.0003975174106732019
ADIG08	164916	0.0009249740731739043	0.0021275377727927054	0.0002749035740628985	0.001533703773806674	0.0019702068714091423	0.0014674976873439612	0.002240367704082092	0.0	0.0006749937426869323	0.0005248888880814497	0.00046617636954662	0.0019149014856265556	0.0003466580652078458	0.0021254614430437804	0.0006980239391534918	0.002283047365106621	0.0018953729894242008	0.0024223366335278627	0.002140428668117825	0.000804378118999574	0.0002639491367410957	0.00072023687093282	0.0009325759358515111	0.002009475714745291	0.0020171185656144945	0.0021458845443383134	0.0005427726524536294	0.0022701818009311465	0.0021174700368719293	0.0020050973811830512	0.0018914501809451508	0.0022920908191666175	0.0007112817577363776	0.000541542171529264	0.0016115760234620203	0.0005457405664941573	0.0016302653393199488	0.0022530295754334974	0.0022381510542271357	0.0004381550704547026	0.002423243782237604	0.002207976908243876	0.0021350476913971368	0.0024263143431538137	0.002521592468011271	0.0022751633208371183	0.0025227365451344075	0.002180067762955761	0.0023690160622495417	0.0019848340296370844	0.002201907849915842	0.0020995025687169603	0.0020164762327106803	0.001752647818216332	0.002202508480004869	0.0023304310526816928	0.00226660524397406	0.001252604870375222	0.0023269255879902447	0.0021743494540619685	0.002326204876746506	0.00045275611941375364	0.002340149112234538	0.000903230280960745	0.0008423178692415448	0.0017824151092619535	0.0017119348953071843	0.0022833208140150716	0.002079814711450809	0.0019986770878757283	0.002256965591138209	0.002276706729419694	0.0021922162818554243	0.002308809380862924	0.002234616834531227	0.002383447006602848	0.002209182120625282	0.0022548868859466513	0.0023613230661043774	0.0023330714406992964	0.0021997385405530335	0.0023055034690682057	0.002250322113293815	0.002076696172802708	0.002391789492638659	0.0022510562631737913	0.0023375896169645495	0.0023407737677276696	0.0024450289790045685	0.002315250507922238	0.002266631771519186	0.002275176011204229	0.001930739213845021	0.00255515932711658	0.0022780976040620857	0.0021515289407430904	0.0021606710422396045	0.0023284746498111186	0.0023113010441241045	0.002403021543683973
ADIG09	164917	0.0014824462262252298	0.00270941394414294	0.0007795177835238363	0.0021759065410892507	0.00255208363771366	0.0020493738586941958	0.002822244668625353	0.0006749937426869323	0.0	0.001088458295987191	0.0010572734806683136	0.0024967792504098883	0.0005534491355956585	0.002707338807707077	0.001303519467905803	0.0028649235364568556	0.0024772509600927933	0.0030042128048780965	0.002722305034262279	0.001406845763494446	0.0008137761287511987	0.00026973647642111384	0.0006034609458804732	0.0025913526792885524	0.0025989965362830875	0.0027277607156885484	0.0008454398985668298	0.002852057972281381	0.002699346208222164	0.002586973552533286	0.0024733263522953857	0.002873966990516852	0.0013480849724540848	0.001003217619499723	0.002193452194812255	0.00110319710561393	0.002212141510670183	0.002834905746783732	0.0028200272255773703	0.0009422372250876054	0.0030051199535878386	0.002789853079594111	0.0027169242576216227	0.003008190514504048	0.0031034686393615054	0.002857039492187353	0.003104612716484642	0.0027619439343059956	0.0029508922335997768	0.002566711592459449	0.0027837840212660767	0.002627284110216359	0.002598352404060915	0.002334523989566567	0.0027843846513551035	0.0029123072240319274	0.002848481415324294	0.0018344758454904688	0.0029088017593404793	0.0027562260166842933	0.0029080810480967404	0.0010422897558978192	0.0029220252835847724	0.00037566884508215514	0.0012106266109112493	0.0023642930799305465	0.002247329192331591	0.0028651969853653063	0.0026616926821194016	0.002580553259225963	0.002838841762488444	0.002858582900769928	0.002774094046638757	0.0028906855522131576	0.0028164930058814618	0.0029653231779530826	0.002791058483207598	0.002836763057296886	0.002943199237454612	0.002914947612049531	0.002781614711903268	0.0028873796404184403	0.002832198475876132	0.002658572344152943	0.0029736656639888937	0.002832932434524026	0.0029194657883147837	0.0029226499390779034	0.003026905150354803	0.0028971266792724723	0.00284850794286942	0.0028570521825544625	0.002512615385195255	0.0031370354984668145	0.0028599737754123203	0.002733405112093325	0.002742547213589839	0.0029103508211613532	0.002893177808607348	0.002984897715034207
ADIG10	164918	0.0005208473861984077	0.001966243174704333	0.0003684939330621676	0.0012686627411706355	0.0018089122733207696	0.0013062030892555885	0.0020790731059937197	0.0005248888880814497	0.001088458295987191	0.0	0.00014882474422266907	0.001753607680410889	0.0007074571615434317	0.0019641672377080782	0.0003274228348398091	0.0021217527670182486	0.0017340793900937942	0.00226104203543949	0.0019791340700294527	0.0005761241540078053	0.00034409114299216816	0.0011420261733074125	0.0013287041758715853	0.0018481811166569185	0.0018558249662840875	0.001984589946249941	0.0009376925264335532	0.002108887202842774	0.0019561754387835565	0.0018476023070915005	0.0017301555828567784	0.002130796221078245	0.0005597988243329851	0.00024171327013724158	0.0014502814253736476	0.0001776115627539278	0.0014689707412315765	0.0020917349773451254	0.0020768564561387632	0.00023320850295392918	0.0022619491841492315	0.002046682310155504	0.001974503478129916	0.002265019745065441	0.0023602978699228984	0.002113868722748746	0.002361441947046035	0.0020187731648673886	0.0022077214641611697	0.0018235400224604497	0.0020406132518274696	0.001941245809330589	0.0018627878550047199	0.0015913532201279597	0.0020412138819164965	0.0021691364545933203	0.0021053106458856874	0.0011042520175756944	0.0021656309899018723	0.0020130548559735965	0.00217022537548287	0.000319582306673755	0.0021788545141461658	0.001338038797088746	0.0013074541941263094	0.0016355930210432146	0.0015620744881605598	0.002122026215926699	0.001918521112120402	0.0018396574441963427	0.002095670993049836	0.0021154121313313205	0.002030922476639758	0.0021475147827745506	0.0020733222364428543	0.002222152408514476	0.002047887522536909	0.002093592287858279	0.002200028468016005	0.002171776842610924	0.002038443942464661	0.0021442088709798333	0.002089027515205443	0.0019154015747143358	0.0022304948945502867	0.002089761665085419	0.002176295018876177	0.002179479169639297	0.002283734380916196	0.0021539559098338653	0.0021053371734308136	0.002113881413115856	0.0017694446157566486	0.0023938647290282075	0.0021168030059737133	0.0019902343426547175	0.001999376444151232	0.002167180051722746	0.002150006446035732	0.0022417269455955995
ADIG11	164919	0.0006192876836236729	0.0019944581321908023	0.00033199276087870306	0.001296877698657105	0.0018371288247995199	0.001334418046742058	0.002107289855711213	0.00046617636954662	0.0010572734806683136	0.00014882474422266907	0.0	0.0017818244374957484	0.0006922954728282628	0.0019923839947929376	0.0004197381208589363	0.0021499677245047175	0.0017622961471786532	0.0022892569929259593	0.002007350221348139	0.0006270022549172568	0.0003114072779423541	0.0011024822909241035	0.001252485594198401	0.0018763978663744116	0.0018840417233689471	0.0020128049037364103	0.0008316730011674902	0.0021371021603292435	0.0019843909881409423	0.0018720177405811482	0.0017583705403432478	0.002159011178564714	0.0006337817026835736	0.00027473518829504564	0.001478496382860117	0.0002689935095643831	0.001497185698718046	0.0021199499348315944	0.002105071413625232	0.00020581517828262627	0.0022901641416357005	0.002074897267641973	0.0020019694447074824	0.0022932347025519106	0.0023885128274093678	0.002142083680235215	0.0023896570962833844	0.0020469881223538575	0.0022359364216476387	0.0018517567795453087	0.002068828401064819	0.0019664221256319656	0.0018833965921087772	0.0016195681776144289	0.0020694288394029654	0.0021973514120797897	0.0021335256033721568	0.0011195205914075958	0.002193846535817881	0.0020412712037701534	0.0021931252361446028	0.0002540988338270613	0.0022070694716326347	0.0012541728243352964	0.001212932218585711	0.0016493382670164061	0.0015788572505785457	0.002150241173413168	0.0019467378692052614	0.0018655974472738255	0.0021238859505363058	0.0021436270888177903	0.0020591392337246175	0.0021757307340132047	0.0021015375857402216	0.002250367366000945	0.002076103670293458	0.002121807245344748	0.002228243425502475	0.0021999918000973934	0.0020666588999511304	0.0021724238284663022	0.0021172436629619917	0.001943616532200805	0.002258709852036756	0.0021179774127619523	0.0022045099763626464	0.0022076943205578225	0.0023119493384026655	0.0021821716557698764	0.0021335527245094034	0.0021420963706023253	0.0017976595732431175	0.0024220796865146764	0.002145017963460183	0.0020184496919520853	0.0020275914016377014	0.0021953950092092156	0.0021782229956932076	0.0022699419030820693
ADIG12	164920	0.0012365682109417517	0.00032012174196258884	0.001978586529679495	0.0005331721718702772	0.0001231260672409457	0.0005504867712261332	0.00036827753705111514	0.0019149014856265556	0.0024967792504098883	0.001753607680410889	0.0017818244374957484	0.0	0.0020625464592660455	0.00021208437546263854	0.001486464798582601	0.00037964731105892297	0.00017285082877863375	0.0005174369673389687	0.0002308633050665258	0.0012556797521988362	0.0019412838170393832	0.0024513638558271464	0.002320147477930209	9.76230652095629e-05	0.00013499633425312688	0.0003041551248916123	0.0019786668390220225	0.0004284753883865159	0.00024372781734520362	0.0002889078193819112	9.252781455436644e-05	0.0003886494769830948	0.0012700109021822397	0.0017358470879760808	0.00030333625988108884	0.0016417772004949475	0.00028464414262245976	0.00041130015598679604	0.00039642163478043415	0.0018540493772875818	0.000581559929091319	0.00033658161153911516	0.00026515997104842835	0.0005321339435730718	0.000618247754816445	0.0004083788123437029	0.0006171064052315694	0.00028271296989245645	0.0005616810557267178	0.00010884635716142341	0.00029615287256176855	0.0002379629107759657	0.0003582073694308294	0.0003113358851755529	0.0003380183980394119	0.0004636916130181043	0.00036549134110233064	0.0007439891951529676	0.0004197910314441457	0.0003006640024359877	0.0004862164677525741	0.001652382528525692	0.0004985071190157048	0.002545598028130216	0.0015890847927867422	0.00013938735155040032	0.0004921805410013697	0.0004767628204761426	0.0002207078828048414	0.0001417516635792329	0.0004152497757727318	0.0003763736411523458	0.0002773147962288687	0.00040006312581482523	0.0003280996481544465	0.0005417417944183253	0.0002996600477950595	0.00036361388002400705	0.00045635738671284307	0.000434970357466994	0.0003580431313093929	0.00046383611726140384	0.0003408288462247457	0.0003915528538461538	0.000550108887836351	0.0003430936629580922	0.0004958601975178479	0.0004350978622594031	0.0006034620082924875	0.0004072756869897002	0.0003593762734938968	0.00037862215850755204	0.0005528776916074821	0.0007134614711697344	0.0003738964535760727	0.0002450331607882365	0.00025874789279405953	0.00042734583959341935	0.00040024241315394626	0.0005613545429628888
ADIG13	164921	0.0010893898280557668	0.0022751827464321953	0.00039335868805044047	0.0017447132636895372	0.0021178518450486322	0.001615142660983451	0.002388012677721582	0.0003466580652078458	0.0005534491355956585	0.0007074571615434317	0.0006922954728282628	0.0020625464592660455	0.0	0.002273106416683271	0.0008341645512017037	0.002430692338746111	0.0020430171585377405	0.0025699816071673527	0.002288073641757315	0.0009756524860947326	0.0004509327452061649	0.00047049041178144683	0.0008189033781408177	0.0021571206883847813	0.0021647629428977713	0.0022935295179778038	0.0006759655284047424	0.002417826774570637	0.0022651150105114193	0.002152742354822541	0.002039095154584641	0.0024397357928061074	0.0009092970696782389	0.0006447896136533176	0.0017592209971015102	0.00068186824457456	0.0017779103129594387	0.0024006745490729874	0.0023857960278666256	0.0005425389520316254	0.0025708887558770943	0.0023556218818833663	0.0022826926650366276	0.002573959316793303	0.002669237441650761	0.0024228082944766083	0.002670381518773898	0.002327712736595251	0.002516661035889032	0.002132479003276574	0.002349552823555332	0.0021983661745433682	0.0021641212063501706	0.0019002927918558223	0.002350153453644359	0.002478076026321183	0.0024142502176135497	0.0014002446477797243	0.0024745705616297346	0.002321994427701459	0.002473849850385996	0.0006251119813150518	0.002487794085874028	0.0007671258531714643	0.0008728032801743918	0.0019300592783754933	0.001813095594942272	0.0024309657876545616	0.0022274588805643487	0.0021463220615152187	0.0024046105647776987	0.0024243517030591833	0.0023398612554949142	0.0024564543545024134	0.002382261808170717	0.0025310919802423383	0.002356827094264772	0.0024025318595861413	0.0025089680397438674	0.0024807164143387864	0.002347383514192524	0.0024531484427076956	0.0023979670869333056	0.0022243411464421986	0.0025394344662781495	0.0023987012368132813	0.0024852345906040394	0.002488418741367159	0.0025926739526440585	0.002462895481561728	0.002414276745158676	0.0024228209848437187	0.0020783841874845105	0.0027028043007560703	0.0024257425777015765	0.0022991739143825803	0.0023083160158790944	0.0024761196234506094	0.002458946017763595	0.0025506665173234628
ADIG14	164922	0.0014471233931621593	0.0002843268162148643	0.002189146086976684	0.0006955417150681573	0.0001552593585649151	0.000761039926602746	0.00042178121174352303	0.0021254614430437804	0.002707338807707077	0.0019641672377080782	0.0019923839947929376	0.00021208437546263854	0.002273106416683271	0.0	0.0016970243558797897	0.00031507565020540444	0.00023619092141642463	0.0003206789237144312	0.00018283793983125507	0.0014662389093759894	0.0021518433743365722	0.0026619234131243356	0.0025307070352273984	0.00012514703885165533	0.00013894585654051356	0.00022101628099772128	0.002189226396319211	0.000252365934640392	4.4656423637091404e-05	0.00047315821009936233	0.00023402166521956585	0.00022198857756326897	0.0014805700593593925	0.0019464066452732698	0.0005138954170582418	0.001852336757792137	0.0004952032997996127	0.00021456767769330824	0.00020350212327698328	0.002064608934584771	0.0003695415734346222	0.0003107438074282937	0.00028594565906558175	0.0004450028924877462	0.00040622939915974814	0.00038392695667700317	0.00040508804957487254	0.00022107776369743426	0.0004146196299889968	0.0002680344403067966	0.00014197336555966806	0.00021450315369132546	0.0005540573769230769	0.00043933618005401615	0.00040085512636791015	0.0004674684515583559	0.00028484173517055093	0.0009545435508896884	0.00043573387271662634	0.0002876811859818737	0.0005930685508982239	0.0018629416857028447	0.0003961475935480642	0.002756157985547441	0.0017935370764618447	0.00034991526547698904	0.0007042551381452817	0.0004682477196358909	0.00041664139650895245	0.0002955798693730716	0.00028989779716915063	0.00034726432404721404	0.00010883147884365281	0.00028245282078932375	0.00011605888577573304	0.0003297234387616285	0.00024063680541912817	0.000151548110143043	0.0002443390310561463	0.0002282756669730827	0.0003060287726918073	0.0003400659863455464	0.0002994928155311503	0.00018557535188556582	0.0003881401390617187	0.00032242658481500724	0.00028839610575083805	0.000326809822049581	0.0005386474767830348	0.00026273577733571673	0.00020322466692209134	0.00027780338802640796	0.0004367010110133041	0.0005014431155130377	0.00019395401775532649	0.00022280710336100817	0.0002021285281903152	0.0002282116636874148	0.00019586839659897998	0.00034933638736620986
ADIG15	164923	0.00030022406033620183	0.0016990974893526414	0.0006187212937785148	0.0010015170558189445	0.001541769185886372	0.0010390574039038972	0.001811930216798065	0.0006980239391534918	0.001303519467905803	0.0003274228348398091	0.0004197381208589363	0.001486464798582601	0.0008341645512017037	0.0016970243558797897	0.0	0.0018546076787835306	0.0014669365082655057	0.0019938973440428434	0.001711990582434991	0.00032659844979823056	0.0005226737545313497	0.0012885845484802258	0.0015117335308785272	0.0015810382274612646	0.0015886820844557997	0.0017174442608982499	0.0011045747148070006	0.001841741517491083	0.0016890313492277944	0.001576657494779929	0.001463009897505087	0.0018636511312223924	0.00034628398302972996	0.0003935706451814599	0.0011831357400219563	0.00023925999866116602	0.0012018254463292623	0.0018245892919934337	0.0018097107707870717	0.0004056933997389946	0.0019948034987975405	0.0017795370218407537	0.0017066098057943351	0.0019978740597137497	0.0020931527800670466	0.0018467230373970544	0.0020942974573702365	0.001751627479515697	0.0019405757788094782	0.001556397140632161	0.0017734687621516715	0.0016710638829541902	0.0015880359492706166	0.0013242075347762684	0.001774068391940608	0.0019019915631566658	0.0018381649605339959	0.0008301840496783185	0.0018984868969047334	0.0017459115648570055	0.0018977645933064419	0.00033537859180450633	0.001911708828794474	0.001598949301884961	0.0013287031671903142	0.0013593072400183465	0.001285786526655994	0.001854880530575008	0.0016513782302921137	0.0015702368044356648	0.0018285253076981449	0.0018482664459796298	0.0017637795948114697	0.0018803710951000572	0.0018061779468270742	0.0019550067231627844	0.0017807440313803106	0.0018264466025065874	0.0019328837766193585	0.0019046311572592325	0.0017712982571129695	0.0018770631856281418	0.0018218840240488445	0.0016482558893626445	0.001963349209198595	0.0018226177738488044	0.0019091493335244855	0.001912334681644675	0.002016588695564505	0.0018868120168567286	0.0018381930855962557	0.0018467357277641646	0.001502298930404957	0.0021267190436765164	0.001849658116177879	0.0017230900530389379	0.0017322309525945536	0.0019000343663710551	0.0018828633567800602	0.0019745812602439084
ADIG16	164924	0.0016047067160659002	0.0003968742451934109	0.0023467294098804253	0.0008531224388127989	0.00033309544727891144	0.0009185810981315478	0.00012526111361395542	0.002283047365106621	0.0028649235364568556	0.0021217527670182486	0.0021499677245047175	0.00037964731105892297	0.002430692338746111	0.00031507565020540444	0.0018546076787835306	0.0	0.0004132106715147927	0.00014536170909268506	0.00016051555611244517	0.0016238196331206309	0.002309426697240313	0.0028195083455799146	0.0026882925626951744	0.00029066302444067055	0.0002898990965686277	0.0003877969415566227	0.0023468097192229525	0.0003571814736026899	0.0003276368317429212	0.0004809549766006405	0.00039168655593213494	0.00010611127739557826	0.001638150783104034	0.002103992178269335	0.0006714967008227894	0.0020099210862617187	0.0006528043834641102	0.0004247347015358759	0.0004670929868714765	0.002222192257488512	0.00028298709275086515	8.524940494197665e-05	0.000164275093117247	0.0001524903853807051	0.00023860044375752205	8.058838779822758e-05	0.00023974074199497632	0.00010851094818927565	0.00022720174545793982	0.0003089167526917488	0.00022662366868094727	0.0002447531761004404	0.0002665751368385699	0.0006061625344348974	8.81322561987475e-05	0.00016097564195813357	8.136455432165169e-05	0.001112105018677471	0.0001291626588720068	0.00012105227307129116	0.00028817140707519066	0.0020205224094474866	0.00017690071669411686	0.002913743907610281	0.0018829235076695656	0.0005174673539215689	0.0008717436011396813	0.00021396060006356578	0.00023371963381564587	0.0002867546024609843	0.00041803015908008386	4.705364429067727e-05	0.00022762267597138387	3.263478648459375e-05	0.00022497943923211275	0.0002073495863882762	9.579467793277122e-05	0.00027424841779769905	0.00014566671979464492	0.00012658004630398045	0.0003500940629194852	0.0002489450275710283	4.899778260219266e-05	0.0004907432628412122	0.0003284558526919649	4.517327293025837e-05	0.0002570481555758348	5.773860750300117e-05	0.0002382534627131489	5.23749718082101e-05	0.00012868141621648644	4.4146325389976655e-05	0.0006535860134094378	0.00033390913656908836	0.00012113578843757046	0.00014948073244757043	0.0001326151370481199	8.916784735558336e-05	0.00012226368653630394	0.0002824922315356178
ADIG17	164925	0.001217035545547875	0.0003466547873662099	0.0019590582393624006	0.0006096937096839678	0.0001428090558130915	0.0006738795666349422	0.0004367892702010601	0.0018953729894242008	0.0024772509600927933	0.0017340793900937942	0.0017622961471786532	0.00017285082877863375	0.0020430171585377405	0.00023619092141642463	0.0014669365082655057	0.0004132106715147927	0.0	0.0005416095330986965	0.0002550358708262536	0.0012361526622418494	0.0019217555267222884	0.0024318355655100514	0.002300619187613114	0.00014165849482844847	0.00015843144305625187	0.0003283243321207717	0.001959138548704927	0.0004526479541462437	0.0002678383644993498	0.0004415567552028937	0.00017951960314094246	0.0004128220427428226	0.0012504838122252525	0.0017163187976589858	0.0003266451409921206	0.0016222489101778528	0.000323989225614432	0.0004354699209062718	0.00042058219693908154	0.0018345210869704868	0.0006057324948510467	0.0003607633968314095	0.0002977987792807418	0.0005563065093327997	0.0006424203205761728	0.00043256578242472705	0.0006412789709912972	0.0003108016069589704	0.0005881649286185852	0.00023568523759077512	0.00032264050434130224	0.0002652807076640056	0.0005224559220266083	0.0003558502055616688	0.00040134381651495447	0.0004894421071404877	0.00038966390686205843	0.0008657980566034538	0.00045851880734267464	0.0003287507353061206	0.0005622780034022011	0.0016328554385687047	0.0005226796847754325	0.002526068537453013	0.001761935621565376	0.00023058318625857199	0.0004696933546725294	0.0005223535399219762	0.00037894026883064934	0.0002639794013072661	0.0004394223415324595	0.0004028395086425928	0.00030147075700710205	0.00042423569157455307	0.00035224980719215763	0.0005659143601780531	0.0003238326135547873	0.00038773903155946767	0.0004805299524725709	0.00045914292322672175	0.00038450899879963993	0.00048800868302113163	0.0003650014119844735	0.00022327767992397706	0.0005742814535960787	0.00038329949350967207	0.0005200277194559676	0.000461622292643244	0.0006315446995898767	0.000431448252749428	0.0003835488392536246	0.0004027947242672799	0.0003846087195458635	0.0007376340369294623	0.0003980690193358005	0.00028296553693107923	0.0002829204585537873	0.00045151840535314714	0.00042441497891367404	0.0005855271087226165
ADIG18	164926	0.0017439963813252126	0.000529124476388891	0.002486019075139738	0.0009924125009101825	0.0004583676485769644	0.0010578711602289314	0.00018883812866556842	0.0024223366335278627	0.0030042128048780965	0.00226104203543949	0.0022892569929259593	0.0005174369673389687	0.0025699816071673527	0.0003206789237144312	0.0019938973440428434	0.00014536170909268506	0.0005416095330986965	0.0	0.0002865736622724428	0.0017631096952180146	0.002448716362499626	0.0029587976140011563	0.0028275818311164157	0.00041984391113210665	0.0004183029125125388	0.0005191758860434652	0.0024860993844822645	0.00037273869800537605	0.000316390822470793	0.0006163345219913414	0.0005309824265639437	0.00014788835370137683	0.0017774408452014175	0.0022432814466905766	0.0008107990648603528	0.0021492103546829604	0.0007921067475016737	0.00041273764997473337	0.00045509593531033394	0.0023614819227478247	0.00027696099957991605	0.00021438442554216528	0.0002926785089010942	0.00014422919556613653	0.0001008115982027904	0.0001471761102093355	0.00010044098922288879	0.00024233818867741948	0.00025633916847387435	0.0004467064089717943	0.0002770431123747955	0.00037703321200378164	0.0004058651989359535	0.0007515242435275826	0.00021982975068147683	0.00015984240423084622	0.00015575234102828292	0.0012513950807748549	0.0001303896769359844	0.000253355315613123	0.0002854397030106023	0.0021598124715448697	0.0002828584836790817	0.003053033176031523	0.002022213569766949	0.0006552570102016145	0.0010095287541975857	0.0003359043653729439	0.00037149698815551165	0.00042371065647453835	0.0005056842064593005	0.0001456326501210106	0.00024013877609159438	0.00012343318657926486	0.00021752963563386978	0.00020301164647846778	0.0002177769195439091	0.000268310711291678	0.00013821630553110596	0.00012064233979795936	0.0004744511022666543	0.0003442404221379033	0.0001766081211142229	0.0004848055563351912	0.0003724960470624093	0.0001743433043808764	0.0002511104490698137	9.986610589699196e-05	0.0002827660463445989	0.0001201461423261743	0.00015806069384507183	0.0001548131514099473	0.0007382661920558518	0.00026410175530106	0.00015420606664451756	0.0002724038065507322	0.00026173920601120244	0.00010842658365673156	0.0001248105271154512	0.00027646242338740293
