ADIG01	164909	0	0.2654348740103072	0.12950761161162783	0.12737629922973767	0.2601004286916248	0.13416788112069075	0.2617677025557556	0.14794903692237232	0.23328858784401904	0.08996538989800708	0.1051736475818974	0.24598372281816927	0.16956069471022372	0.27739697148787373	0.04854134671257437	0.2677367454206479	0.25413608427856715	0.2791609210097281	0.26604140190612235	0.04385352239510389	0.13184287565705227	0.21943627541239588	0.2703059115079879	0.2603703109217202	0.2613566359148817	0.26828924373009044	0.18494479421093668	0.2755007904767221	0.27998668230094365	0.2272843695616265	0.23932712997867484	0.2787564148407843	0.03884368281059403	0.09334897937825647	0.19870274830724172	0.0781102611189059	0.20236425524710358	0.27933395022946567	0.2798955650385011	0.10209297646061088	0.28725847288846634	0.26278608266028125	0.2598513336944449	0.2688906203111966	0.2815232568204808	0.26350902221983263	0.281141384327184	0.26765941130487486	0.27366316428861437	0.2468190118049631	0.2805289233460625	0.2708494575671532	0.22209614057998964	0.208734669700513	0.2584152918315552	0.2611829100126784	0.26470827960650944	0.10362175031883905	0.26128329031156994	0.26129095927895435	0.2584001970578498	0.08244613420001945	0.27130763220110893	0.2477106974588622	0.21756477000052662	0.23729319788471198	0.2061634338587048	0.26424692515601655	0.24323322181677148	0.24537980395062173	0.2733424623069337	0.2647633180045147	0.2757128807772613	0.2726149264926029	0.28082275845966215	0.27888982926755423	0.2678505865783809	0.28909795122614534	0.28606970502278284	0.2819468977212248	0.26774088747196156	0.2720678791209477	0.26647138397198367	0.2914040046252123	0.28347225459253356	0.26627086810086825	0.28111348338298653	0.2714103716132001	0.2658290712217245	0.27627170509520094	0.27352506338029303	0.2708833659208917	0.2778614380548025	0.2895950509053622	0.2738870943881162	0.26539840042143686	0.2666454937622498	0.2758531818206603	0.2777684587354291	0.2802544218009338
ADIG02	164910	0.2654348740103072	0	0.38854284604643585	0.14261898952017413	0.04212176220698816	0.1386912939778935	0.08001895856633096	0.3809072413239066	0.4696773074408252	0.3549146476022421	0.3609021491152788	0.042936106205620696	0.4005215641518233	0.05310317743599023	0.3073690849802042	0.06795003554705666	0.06829541259662214	0.08074142631373929	0.036235124219925245	0.249008232253026	0.3881980598491416	0.44531811710270147	0.45443526215019914	0.04107029548750448	0.03461257341224027	0.013802994332102483	0.3798470021932399	0.01904191801652201	0.04983309255495178	0.06593617829859168	0.04187591152490756	0.050511581124351994	0.25668095635693783	0.34557389470185473	0.07790891315722709	0.33552150847930723	0.07595638715756198	0.01389907621915839	0.017096613635165	0.36752785047091807	0.04450171866465138	0.057032445683561854	0.04700180565371032	0.10227837322094452	0.10189188555661823	0.07338768907767265	0.10294761623375939	0.04040653667536709	0.05392128569233207	0.03793912552714733	0.045843039688394274	0.038487508839517	0.10519572046442256	0.0690011389740382	0.07089735407145595	0.09391151652196897	0.06953968400297486	0.17837975273895984	0.09397170518280756	0.05188057599265199	0.11701243522246899	0.33326010257118194	0.04924676369055916	0.4517726066077362	0.32819432039563956	0.0482247196022737	0.08444265388393174	0.05323099608423953	0.07498269495487939	0.04321463224776378	0.013609524484198093	0.0723847984823071	0.04271086540323098	0.06390709310631089	0.046353231491393795	0.051448044945592825	0.047847869340946717	0.05439209823246638	0.05463714799220626	0.05325250356268864	0.015467946609347149	0.036363203900006046	0.061571694257350644	0.09160350779366476	0.035375107706036676	0.0645160503612215	0.04640763038930763	0.07497678418220315	0.08268726931006949	0.06116199940365252	0.05118556524469645	0.05861992235485443	0.07252569402251519	0.06355828674164696	0.0532770899985171	0.03989578441105514	0.03724649073461296	0.0625432617756439	0.054145882276501155	0.04560181381327414
ADIG03	164911	0.12950761161162783	0.38854284604643585	0	0.25048427126586637	0.3832084007277535	0.25441196680814704	0.3831937214692613	0.047277813406552724	0.11552021837484633	0.05227392246184048	0.04530107813190149	0.36685536674964353	0.05266631644746219	0.40050494352400223	0.09766012201782759	0.3908447174567765	0.3772440563146958	0.4022688930458567	0.38914937394225096	0.13953461379340992	0.031129182223300966	0.0984364194815979	0.16449386453261763	0.38347828295784875	0.3844646079510103	0.3913972157662191	0.08478260646352855	0.3986087625128507	0.40309465433707214	0.3481700405621201	0.36243510201480345	0.40186438687691295	0.13377820064865517	0.06339483848611853	0.31763390766407446	0.06365633305437873	0.3202358705848828	0.4024419222655943	0.4030035370746296	0.044424436817693945	0.41036644492459506	0.3858940546964099	0.38281691947284996	0.39199859234732515	0.40463122885660935	0.3866169942559613	0.40424935636331255	0.3907673833410035	0.39677113632474303	0.3699269838410917	0.4036368953821911	0.39356546503539186	0.34195861647705894	0.33184264173664163	0.38141896704460965	0.38429088204880696	0.38781625164263805	0.21438360471797926	0.3843912623476986	0.384398931315083	0.3767438800349997	0.05981431539544385	0.39441560423723754	0.11935156090518746	0.12979891800678744	0.3521999409589934	0.3277505517289987	0.38735489719214516	0.3647991287533763	0.36820828564450325	0.3964504343430623	0.38787129004064336	0.39882085281338997	0.3957228985287315	0.4039307304957908	0.40199780130368296	0.39095855861450945	0.41220592326227384	0.4091776770589115	0.40505486975735333	0.3908488595080902	0.3951758511570764	0.3895793560081123	0.41451197666134093	0.4065802266286622	0.3893788401369968	0.40422145541911525	0.3945183436493287	0.3889370432578532	0.39937967713132955	0.3966330354164216	0.39399133795702035	0.39689845301728827	0.41270302294149097	0.39699506642424476	0.38850637245756553	0.3897534657983784	0.39896115385678893	0.4008764307715577	0.40336239383706246
ADIG04	164912	0.12737629922973767	0.14261898952017413	0.25048427126586637	0	0.140532717816332	0.03502112843157655	0.14368616186845123	0.25650660302236045	0.3531808475954766	0.21685607282167266	0.22284357433470936	0.12268046371080298	0.2844212009314294	0.15002067225813595	0.16931051019963467	0.14036044619091018	0.14561156177468404	0.15178462177999033	0.13866510267638452	0.1261760237423931	0.25013948506857187	0.3317537151820775	0.361673358860223	0.13548438147462868	0.1386095149049134	0.1409129445003527	0.28708509890326356	0.1481244912469843	0.15704430008942116	0.10922955977605159	0.11655848925490073	0.1513801156110465	0.1418567779926384	0.2105156224226735	0.09371086743238845	0.1974629336987377	0.09488171697402933	0.15195765099972788	0.15251926580876332	0.22946927569034856	0.15988217365872862	0.13959420979688122	0.13880944555764954	0.14151432108145878	0.15414695759074298	0.1404663608963735	0.15376508509744619	0.14028311207513708	0.15112078672706858	0.12801400445487449	0.15315262411632474	0.14872160765920686	0.10404133079441469	0.09153649600896814	0.14003989291520708	0.13873438181034725	0.1373428052428091	0.0760770190942957	0.13518886770333305	0.13872063806574306	0.14034538727227486	0.19741884011578092	0.14393133297137115	0.3527903146240417	0.25594815906803403	0.12281128389723096	0.11661303421913528	0.14434521426337998	0.12514153845512302	0.12622297691192444	0.145966163077196	0.13773019565398098	0.14833658154752355	0.14523862726286513	0.1534464592299244	0.15151353003781648	0.14047428734864315	0.16172165199640756	0.1586934057930451	0.15457059849148697	0.14067939944842373	0.14469157989120998	0.1390950847422459	0.18501025877005448	0.15609595536279583	0.14087259677535566	0.15373718415324883	0.14403407238346236	0.13845277199198675	0.14889540586546318	0.1461487641505553	0.14350706669115396	0.20088988346811903	0.1622187516756245	0.14651079515837842	0.13978060721979743	0.13926919453251202	0.14847688259092254	0.15039215950569132	0.15287812257119607
ADIG05	164913	0.2601004286916248	0.04212176220698816	0.3832084007277535	0.140532717816332	0	0.14760969367589	0.0778185065494137	0.3755727960052243	0.46434286212214293	0.34958020228355974	0.35556770379659647	0.025266682100401106	0.39518711883314095	0.01909470798278767	0.30203463966152183	0.06930601724366309	0.029858913870066926	0.08312821302795266	0.03302298600055354	0.25138194968104716	0.38286361453045925	0.4399836717840192	0.4491008168315168	0.010344306691039367	0.010278997263466082	0.03920159243662062	0.3745125568745574	0.056886636548693574	0.020373147549499857	0.08529244936906033	0.025095832394409	0.05316681481488727	0.25965145910223963	0.34023944938317247	0.06571938013496235	0.33018706316062485	0.06360386144121011	0.04691836469880734	0.04286895657377636	0.36219340515223575	0.07898444660433672	0.058218685795267205	0.04455245751273659	0.10425685943058331	0.10413445314835561	0.07466486640574879	0.10407403539910137	0.04256376989385819	0.09018611923723835	0.03446475458615801	0.026244975776558568	0.02985093342623819	0.1035030944279619	0.06713853923695103	0.06940487829794004	0.09388089744226583	0.06975725211729114	0.17954791946316995	0.09275731617542321	0.05215029062222268	0.11446001233893585	0.32792565725249956	0.08403191921171854	0.44643816128905395	0.34021430686663345	0.03223550676445002	0.09532239320838155	0.08622477401799378	0.07131306290257351	0.041056832097932275	0.049188570979569766	0.07232365736999	0.02734596255800435	0.06492624161770559	0.030109875194780658	0.06037041357863037	0.047505193740704374	0.03150563631337122	0.057026759365665404	0.05660046278710943	0.053926128755287586	0.07312069747075271	0.06116653847578812	0.057725428847170135	0.076865621337522	0.06306827202891023	0.04757595438655704	0.07604589755224486	0.12296990753523819	0.06325425578016525	0.0514179588670404	0.06044177177713252	0.07619888939947848	0.07431977935650398	0.0539144911954641	0.037624464775392094	0.03845743461718868	0.06365355306695177	0.05396800823640076	0.08230282077670195
ADIG06	164914	0.13416788112069075	0.1386912939778935	0.25441196680814704	0.03502112843157655	0.14760969367589	0	0.14760159376708443	0.24677636208561768	0.33554642820253644	0.22078376836395322	0.22677126987698995	0.1260415206274048	0.26639068491353435	0.15969109740176363	0.17323820574191529	0.15003087133453785	0.15506777386548923	0.16145504692361798	0.1483355278200122	0.11919273834656646	0.25406718061085265	0.31118723786441266	0.3499118587736937	0.14266443683561011	0.14801088688991965	0.13698524895807213	0.268844927285381	0.1441967957047037	0.1667147252330488	0.09948745258943742	0.12622891439852832	0.1610505407546742	0.12255007711864892	0.21144301546356586	0.09623015305214969	0.20139062924101833	0.09731325248541083	0.14802995545744732	0.14859157026648273	0.2333969712326291	0.155954478116448	0.14926463494050884	0.1473939089301262	0.15118474622508643	0.16381738273437066	0.15013678604000114	0.16343551024107386	0.14995353721876475	0.14692409425041075	0.13412945235325424	0.16282304925995242	0.15839203280283448	0.10742683506008668	0.10031172042865096	0.14553298111338903	0.14840480695397487	0.14700240552039937	0.04891181698044455	0.14357741622545997	0.14839106320937068	0.14307888594485854	0.19912922333289293	0.14000363742909055	0.33153910626583977	0.23780793285950808	0.1253305695169922	0.11110283663168759	0.13759943665989316	0.12919685837685546	0.13292237918630295	0.1420384675349154	0.14705744391840464	0.15800700669115122	0.15490905240649278	0.16311688437355207	0.16118395518144416	0.1501447124922708	0.17139207714003526	0.1683638309366728	0.16424102363511459	0.13643689269994325	0.1407638843489294	0.1487655098858736	0.19446647086085966	0.15216825982051527	0.14856499401475817	0.1634076092968765	0.15370449752709003	0.13452507644970618	0.15856583100909086	0.15581918929418295	0.15317749183478158	0.1967479748730159	0.17188917681925214	0.1561812203020061	0.1476925263353268	0.1489396196761397	0.15814730773455024	0.160062584649319	0.1489504270289155
ADIG07	164915	0.2617677025557556	0.08001895856633096	0.3831937214692613	0.14368616186845123	0.0778185065494137	0.14760159376708443	0	0.375558116746732	0.4643281828636505	0.34956552302506755	0.35555302453810417	0.07632778704742715	0.3951724395746486	0.09276186719854324	0.3020199604030296	0.023717281775771225	0.1072479279735129	0.021406659432699985	0.05706177488838836	0.2513672704225549	0.3828489352719669	0.43996899252552685	0.44908613757302457	0.07757588681814682	0.0732044815617885	0.09320333747076288	0.3744978776160652	0.07613443253638162	0.088564112725895	0.06123953131253418	0.0842259499410196	0.040883349626653416	0.25963677984374745	0.34022477012468016	0.0930396860104306	0.3301723839021326	0.09078473003679872	0.08886696134433095	0.0953865629052714	0.36217872589374345	0.055395270134036056	0.02861469271297125	0.036433820666333036	0.03345428064359745	0.03181487114437953	0.009565964034587175	0.03259178580731006	0.04931603842200029	0.03353229773261622	0.05607487481483014	0.07025411390897125	0.06802833178274041	0.04123510499220233	0.10977512337863472	0.01082230480231651	0.02281345070155054	0.033913955955022994	0.1795332402046777	0.021689869434707944	0.03492210203169889	0.04019717975921537	0.3279109779940073	0.03950866036823238	0.44642348203056165	0.32736464192770626	0.08095509676362288	0.11297806649421102	0.027683223677785782	0.024554510550859228	0.05262816387326791	0.09326210242875564	0.017714180179842304	0.06611100478258741	0.024615007421973253	0.0674064200237966	0.06550503970944177	0.040279025997101675	0.07807279980717674	0.04407107294079773	0.041332910068757174	0.07401219408414274	0.05556023353840588	0.0262371860441271	0.1321256233907352	0.06171026065805726	0.021133375530348938	0.076466088224535	0.01659599054249314	0.05190246079452292	0.02774822160176956	0.044849969179092244	0.03079655018881969	0.15059908394304355	0.07308659436994576	0.0476620036180089	0.04814760001454115	0.05368754095549416	0.03763488177848212	0.042311453267564296	0.056181367879801165
ADIG08	164916	0.14794903692237232	0.3809072413239066	0.047277813406552724	0.25650660302236045	0.3755727960052243	0.24677636208561768	0.375558116746732	0	0.10671965529118548	0.07683003100283775	0.06666068693196109	0.35921976202711436	0.045556608515895346	0.3928693388014731	0.11047898075532842	0.3832091127342474	0.3696084515921666	0.3946332883233275	0.38151376921972174	0.1461204717603021	0.04397969994268682	0.09426730029051623	0.15312865618475602	0.3758426782353196	0.37682900322848106	0.3837616110436899	0.06811866443223727	0.39097315779032155	0.395459049614543	0.3405344358395908	0.3547994972922743	0.39422878215438373	0.12628683986933756	0.07749344202128719	0.3099983029415453	0.08396394470270714	0.31260026586235357	0.394806317543065	0.3953679323521005	0.06709013920270507	0.4027308402020658	0.37825844997388075	0.37518131475032085	0.384362987624796	0.3969956241340802	0.3789813895334322	0.39661375164078344	0.3831317786184742	0.3891355316022138	0.36229137911856246	0.39600129065966194	0.3859298603128627	0.3343230117545297	0.3242070370141124	0.3737833623220804	0.3766552773262778	0.3801806469201088	0.20803277586088656	0.37675565762516944	0.37676332659255385	0.3691082753124705	0.07629085258630067	0.3867799995147084	0.11231551523963056	0.13980875221988018	0.34456433623646415	0.3201149470064694	0.379719292469616	0.3571635240308471	0.3605726809219741	0.38881482962053315	0.38023568531811414	0.39118524809086075	0.3880872938062023	0.3962951257732616	0.3943621965811537	0.38332295389198034	0.40457031853974473	0.4015420723363823	0.3974192650348241	0.383213254785561	0.3875402464345471	0.38194375128558306	0.4068763719388117	0.39894462190613306	0.3817432354144677	0.396585850696586	0.38688273892679953	0.3813014385353239	0.3917440724088004	0.3889974306938925	0.38635573323449107	0.3892628482947591	0.4050674182189617	0.38935946170171565	0.38087076773503636	0.3821178610758492	0.3913255491342597	0.39324082604902855	0.39572678911453324
ADIG09	164917	0.23328858784401904	0.4696773074408252	0.11552021837484633	0.3531808475954766	0.46434286212214293	0.33554642820253644	0.4643281828636505	0.10671965529118548	0	0.1599133512298436	0.15370072083444933	0.4479898281440328	0.09158694316419143	0.48163940491839174	0.20069284313043015	0.47197917885116597	0.45837851770908516	0.4834033544402461	0.47028383533664025	0.23471298659978687	0.1220570441335704	0.0480067948999315	0.07776456087491213	0.46461274435223804	0.4655990693453997	0.47253167716060834	0.12731427669077733	0.47974322390724	0.4842291157314615	0.4293045019565094	0.44356956340919285	0.4829988482713023	0.22062967787676202	0.1622721335542604	0.39876836905846386	0.16682267426004427	0.4013703319792723	0.48357638365998357	0.48413799846901895	0.14142256564380032	0.4915009063189842	0.46702851609079926	0.4639513808672393	0.4731330537417146	0.4857656902509987	0.4677514556503507	0.48538381775770195	0.47190184473539276	0.4779055977191324	0.45106144523548103	0.48477135677658045	0.4675943015756542	0.42309307787144823	0.412977103131031	0.46255342843899905	0.4654253434431963	0.46895071303702734	0.2955180661123687	0.46552572374208795	0.46553339270947236	0.457878341429389	0.16241832942864673	0.4755500656316268	0.06037781753930392	0.1648308569547421	0.4333344023533828	0.40270654659852223	0.4684893585865345	0.4459335901477657	0.4493427470388926	0.47758489573745155	0.46900575143503265	0.4799553142077793	0.47685735992312084	0.48506519189018	0.4831322626980721	0.47209302000889886	0.49334038465666336	0.49031213845330085	0.4861893311517427	0.4719833209024795	0.47631031255146555	0.4707138174025016	0.4956464380557302	0.4877146880230515	0.4705133015313863	0.48535591681350454	0.47565280504371804	0.4700715046522424	0.4805141385257189	0.47776749681081093	0.47512579935140964	0.47803291441167767	0.49383748433588015	0.47812952781863405	0.4696408338519548	0.47088792719276773	0.4800956152511782	0.4820108921659471	0.4844968552314518
ADIG10	164918	0.08996538989800708	0.3549146476022421	0.05227392246184048	0.21685607282167266	0.34958020228355974	0.22078376836395322	0.34956552302506755	0.07683003100283775	0.1599133512298436	0	0.022554430946552517	0.3332271683054498	0.09792741041190971	0.36687674507980855	0.0553888366903466	0.3572165190125829	0.3436158578705019	0.3686406946016629	0.3555211754980572	0.10847196107205548	0.05611357799350478	0.14858841034931738	0.20389410120894713	0.3498500845136552	0.35083640950681655	0.3577690173220253	0.11825276973946157	0.364980564068657	0.3694664558928784	0.31499399142890117	0.3288069035706097	0.3682361884327192	0.10423572858842849	0.03103639691634136	0.28400570921988066	0.031267380364952566	0.286607672140689	0.36881372382140054	0.3693753386304359	0.03509170008816386	0.3767382464804012	0.35226585625221624	0.3493023270836818	0.35837039390313147	0.3710030304124156	0.35298879581176756	0.3706211579191188	0.35713918489680974	0.36314293788054935	0.336298785396898	0.3700086969379974	0.3603004509563901	0.30933525321364225	0.2982144432924479	0.34779076860041597	0.35066268360461333	0.3541880531984443	0.18237946902314814	0.3507630639035049	0.35077073287088933	0.34376563242194724	0.04702893742640249	0.36078740579304375	0.1684055708747691	0.18060941304586192	0.32047702648178833	0.2956144272479417	0.3537266987479515	0.3311709303091826	0.3348307973398585	0.36282223589886864	0.35424309159644957	0.3651926543691962	0.36209470008453776	0.3703025320515971	0.3683696028594891	0.3573303601703158	0.3785777248180802	0.3755494786147177	0.37142667131315965	0.3572206610638965	0.3615476527128826	0.35595115756391854	0.38088377821714714	0.3729520281844685	0.3557506416928031	0.3705932569749215	0.36089014520513496	0.3553088448136594	0.3657514786871359	0.3630048369722279	0.36036313951282656	0.36327025457309453	0.3790748244972971	0.363366867980051	0.3548781740133718	0.3561252673541847	0.3653329554125952	0.367248232327364	0.36973419539286867
ADIG11	164919	0.1051736475818974	0.3609021491152788	0.04530107813190149	0.22284357433470936	0.35556770379659647	0.22677126987698995	0.35555302453810417	0.06666068693196109	0.15370072083444933	0.022554430946552517	0	0.3392146698184865	0.09367301976099353	0.37286424659284534	0.06980001085280349	0.3632040205256195	0.34960335938353876	0.3746281961146996	0.3615086770110939	0.12080505515485639	0.0473828451160638	0.14133592472292864	0.19234159317720206	0.3558375860266918	0.3568239110198533	0.36375651883506216	0.10150910663360167	0.3709680655816937	0.37545395740591525	0.3205293436309631	0.33479440508364644	0.3742236899457559	0.11684894977931953	0.04748522805479621	0.2899932107329175	0.04724404656051049	0.2925951736537258	0.3748012253344372	0.3753628401434727	0.02560400793434354	0.38272574799343795	0.3582533577652529	0.355176222541693	0.36435789541616814	0.37699053192545234	0.35897629732480435	0.37660865943215555	0.36312668640984647	0.369130439393586	0.34228628690993473	0.3759961984510341	0.365924768104235	0.31431791954590194	0.3042019448054847	0.35377827011345264	0.35665018511765006	0.36017555471148105	0.18702194818012385	0.3567505654165416	0.3567582343839261	0.3491031831038426	0.04453361604212594	0.36677490730608053	0.15516908758735357	0.16605018970742785	0.3245592440278364	0.3001098547978416	0.3597142002609881	0.3371584318222194	0.3405675887133463	0.3688097374119055	0.36023059310948635	0.3711801558822329	0.3680822015975745	0.3762900335646338	0.37435710437252584	0.3633178616833525	0.38456522633111695	0.38153698012775444	0.37741417282619627	0.3632081625769332	0.3675351542259193	0.3619386590769553	0.38687127973018387	0.37893952969750516	0.36173814320583986	0.3765807584879582	0.3668776467181717	0.3612963463266961	0.37173898020017254	0.36899233848526464	0.36635064102586334	0.36925775608613115	0.3850623260103338	0.3693543694930878	0.36086567552640847	0.3621127688672214	0.37132045692563187	0.3732357338404007	0.37572169690590546
ADIG12	164920	0.24598372281816927	0.042936106205620696	0.36685536674964353	0.12268046371080298	0.025266682100401106	0.1260415206274048	0.07632778704742715	0.35921976202711436	0.4479898281440328	0.3332271683054498	0.3392146698184865	0	0.37883408485503095	0.03386662651188186	0.2856816056834118	0.06272582681143235	0.035516598629070556	0.08001339086248342	0.026755634515397083	0.23502891570293727	0.3665105805523492	0.42363063780590926	0.432747782853407	0.01704915318119546	0.021969366262514858	0.03422577857616019	0.35815952289644754	0.052882010294078165	0.0417437854322718	0.06843511911356089	0.015103399971797245	0.05005199264941801	0.24329842512412975	0.3238864154050625	0.04922145908556906	0.3138340291825149	0.04661949616476078	0.04527048507553538	0.045832099884570786	0.3458403711741257	0.07586962443886747	0.05652387389733048	0.04492950215896004	0.0985580421784691	0.10101963098288635	0.07507601722023513	0.10095921323363212	0.036917283516471125	0.09163622180558381	0.022452928232343586	0.03799804813722374	0.03376183469681514	0.08515997013335368	0.054501424201797204	0.06837198457611977	0.09386751237627759	0.05666233630680373	0.16319488548506	0.08429864389695502	0.04970828642337092	0.11260467978779552	0.31157262327438956	0.0808817125495932	0.4300851273109439	0.32074645072305424	0.015501533985370606	0.08210159128678103	0.08754182535128291	0.05441329429734078	0.028469834513251205	0.0460737488141005	0.06609976741301277	0.03200631986050932	0.06181141945223635	0.038237307490129054	0.056880583273767445	0.043379175280689165	0.04844235717792789	0.053911937200196165	0.053485640621640185	0.050637598534863534	0.06902607209549597	0.05640689811226074	0.07777697187719602	0.07375079917205275	0.05952425742628008	0.04705001822905633	0.0715935144033467	0.11297477041514617	0.06009869649141059	0.045995877128767945	0.05682887594306917	0.10047884988209015	0.07120495719103473	0.04622164536473453	0.033453577719599656	0.03192703773348468	0.05732422598369427	0.05043234689988462	0.07737159461410656
ADIG13	164921	0.16956069471022372	0.4005215641518233	0.05266631644746219	0.2844212009314294	0.39518711883314095	0.26639068491353435	0.3951724395746486	0.045556608515895346	0.09158694316419143	0.09792741041190971	0.09367301976099353	0.37883408485503095	0	0.4124836616293897	0.1269216327055404	0.402823435562164	0.38922277442008313	0.41424761115124403	0.40112809204763833	0.16595333993573985	0.056092466103939864	0.062384370139549256	0.1404688381204491	0.3954570010632362	0.3964433260563977	0.4033759338716064	0.08566268547690123	0.41058748061823813	0.41507337244245956	0.36014875866750745	0.3744138201201909	0.4138431049823003	0.1508693710027752	0.08812367258219257	0.3296126257694619	0.09933721961212318	0.33221458869027015	0.41442064037098164	0.414982255180017	0.07675919994972974	0.42234516302998243	0.39787277280179734	0.39479563757823755	0.4039773104527125	0.41660994696199666	0.39859571236134866	0.4162280744686999	0.4027461014463909	0.4087498544301305	0.3819057019464792	0.4156156134875786	0.39904883440774563	0.3539373345824463	0.34382135984202894	0.3933976851499971	0.39626960015419443	0.3997949697480255	0.2263623228233666	0.396369980453086	0.3963776494204704	0.388722598140387	0.09547361873338815	0.4063943223426249	0.09530041249150488	0.1317062459747401	0.3641786590643808	0.33355080330952025	0.3993336152975326	0.3767778468587637	0.38018700374989073	0.40842915244844985	0.3998500081460308	0.41079957091877733	0.40770161663411886	0.41590944860117823	0.4139765194090703	0.4029372767198969	0.42418464136766126	0.4211563951642989	0.41703358786274064	0.4028275776134776	0.4071545692624637	0.40155807411349964	0.4264906947667282	0.41855894473404953	0.4013575582423842	0.41620017352450267	0.4064970617547161	0.4009157613632407	0.4113583952367169	0.4086117535218091	0.4059700560624077	0.40887717112267563	0.42468174104687834	0.4089737845296322	0.4004850905629529	0.40173218390376575	0.4109398719621763	0.4128551488769451	0.41534111194244977
ADIG14	164922	0.27739697148787373	0.05310317743599023	0.40050494352400223	0.15002067225813595	0.01909470798278767	0.15969109740176363	0.09276186719854324	0.3928693388014731	0.48163940491839174	0.36687674507980855	0.37286424659284534	0.03386662651188186	0.4124836616293897	0	0.31933118245777053	0.07151415220270749	0.025999809739968988	0.081152691265694	0.037239303421197856	0.268678492477296	0.4001601573267081	0.4572802145802681	0.4663973596277657	0.018178458160613205	0.020263268006687783	0.040797528835356686	0.39180909967080624	0.054814651726671854	0.0095816376164724	0.09860226932388931	0.03806984150919887	0.05505527045990242	0.27694800189848856	0.3575359921794213	0.08287103585992786	0.34748360595687366	0.08026907293911957	0.04488715257305504	0.0413835580245386	0.37948994794848456	0.07499772376291684	0.06607843568263462	0.05674452852874573	0.10619249267919566	0.10014773030693574	0.08485079774089736	0.1000873125576815	0.045899971913362814	0.09552925662085796	0.047209112956089386	0.02904843400663394	0.03786953072668877	0.1168129143827909	0.0773456941922826	0.08422558455995076	0.10476745404982814	0.06847912751221741	0.1968444622594188	0.0995404243973081	0.06013641993981322	0.12956799748030368	0.3452222000487484	0.08812139636704952	0.46373470408530276	0.35352412682146245	0.04916541241177521	0.11102713856398161	0.10014373312291644	0.08425268238382146	0.054366652052761255	0.052269118897574955	0.0778615202204211	0.026827078356715963	0.06851411788919937	0.026123152353360796	0.05600868259781682	0.05284062840622428	0.023846308208339665	0.05304003652424555	0.05328415661207309	0.061046239006409084	0.0743016257632227	0.06687358350971329	0.04478224604126478	0.07936806730992026	0.07234569672005832	0.044141140566814785	0.07820526456617914	0.12397520057877473	0.06671355611478819	0.048995884560397975	0.06395016865819282	0.07553393522524532	0.0703330565150841	0.04885962178854148	0.04532234840630154	0.041806614783158044	0.057996114974957075	0.0505906617075439	0.07651793274874323
ADIG15	164923	0.04854134671257437	0.3073690849802042	0.09766012201782759	0.16931051019963467	0.30203463966152183	0.17323820574191529	0.3020199604030296	0.11047898075532842	0.20069284313043015	0.0553888366903466	0.06980001085280349	0.2856816056834118	0.1269216327055404	0.31933118245777053	0	0.3096709563905448	0.29607029524846395	0.3210951319796249	0.3079756128760192	0.06859270197119136	0.08975152715354512	0.18029183748550556	0.24025609446352506	0.3023045218916171	0.3032908468847786	0.3102234546999873	0.1527696815150396	0.31743500144661896	0.3219208932708405	0.2669962794958883	0.28126134094857175	0.32069062581068114	0.06364480510979438	0.05710263459090048	0.23646014659784273	0.03920225373793584	0.2393196297692762	0.3212681611993625	0.3218297760083979	0.0651723774600876	0.32919268385836314	0.3047202936301783	0.3016431584066184	0.3108248312810934	0.3234574677903776	0.30544323318972966	0.3230755952970808	0.3095936222747717	0.3155973752585114	0.28875322277486004	0.3224631343159594	0.31239170396916016	0.26078485541082724	0.25066888067040993	0.30024520597837795	0.30311712098257537	0.3066424905764063	0.13826723831587615	0.3032175012814669	0.3032251702488513	0.2955701189687679	0.048057960737397855	0.31324184317100573	0.21515129345735026	0.19586354576518555	0.2730857505556508	0.24693482297736796	0.30618113612591336	0.2836253676871446	0.28703452457827155	0.3152766732768307	0.3066975289744116	0.3176470917471581	0.3145491374624997	0.32275696942955895	0.32082404023745104	0.3097847975482777	0.3310321621960422	0.3280039159926797	0.3238811086911215	0.3096750984418585	0.31400209009084457	0.3084055949418806	0.3333382155951091	0.32540646556243047	0.3082050790707651	0.3230476943528835	0.3133445825830969	0.30776328219162136	0.31820591606509785	0.3154592743501899	0.31281757689078854	0.3157246919510565	0.33152926187525905	0.315821305358013	0.3073326113913338	0.3085797047321466	0.3177873927905572	0.31970266970532596	0.32218863277083065
ADIG16	164924	0.2677367454206479	0.06795003554705666	0.3908447174567765	0.14036044619091018	0.06930601724366309	0.15003087133453785	0.023717281775771225	0.3832091127342474	0.47197917885116597	0.3572165190125829	0.3632040205256195	0.06272582681143235	0.402823435562164	0.07151415220270749	0.3096709563905448	0	0.0890425793082798	0.018272993603414067	0.03746680898335935	0.2590182664100703	0.3904999312594823	0.4476199885130423	0.45673713356053997	0.06181746219916213	0.0600188716559116	0.07080988242261106	0.3821488736035806	0.05632954717753273	0.0768169102888172	0.06942435909699401	0.06733022316713244	0.0237848801697629	0.2672877758312628	0.34787576611219556	0.08344074612008544	0.33782337988964783	0.08069934591939752	0.07119717295247209	0.07937001647547706	0.36982972188125884	0.03829680067714555	0.01183886014135363	0.024929256240066106	0.03653953686826906	0.03829380417145401	0.01490197904377801	0.038511371182766846	0.027543498871689564	0.03478226246569363	0.045289213213490005	0.05303906903727113	0.05262511394251844	0.048886100979717656	0.09127956002292538	0.013116591351472815	0.03445810246476334	0.014824422414248278	0.18718423619219302	0.02909561190265103	0.01852833248588172	0.059481317844728675	0.33556197398152265	0.02568649938111015	0.45407447801807693	0.3350156379152217	0.07257485494768998	0.10263615680688351	0.03656790741522365	0.03003201252872456	0.04067652138949331	0.0739599173579627	0.008242608328219436	0.049645308738741616	0.005792588431150961	0.048816786821135154	0.04461325010730892	0.0222331573049767	0.06097433035028623	0.027146849213371103	0.024234440611866664	0.05692961241398841	0.034063648865879224	0.008139478767874983	0.11502715393384468	0.04461179120116676	0.007006816610937438	0.05841956249204745	0.009154555918479102	0.05434398815119273	0.011162089994574772	0.025108825435508488	0.009961191363633916	0.13792246197545446	0.05598812491305524	0.025355880494013678	0.031985506762059635	0.0324351311142673	0.015241426730330304	0.022325193226328886	0.033848182419935875
ADIG17	164925	0.25413608427856715	0.06829541259662214	0.3772440563146958	0.14561156177468404	0.029858913870066926	0.15506777386548923	0.1072479279735129	0.3696084515921666	0.45837851770908516	0.3436158578705019	0.34960335938353876	0.035516598629070556	0.38922277442008313	0.025999809739968988	0.29607029524846395	0.0890425793082798	0	0.10514129992650179	0.05188354357941545	0.24541760526798945	0.37689927011740143	0.4340193273709615	0.4431364724184592	0.029752725508836862	0.03404344641172439	0.05768961081754239	0.36854821246149977	0.07800991935809654	0.03265623328393429	0.10134119185455169	0.037764216056376046	0.07517990171343637	0.2536871146891819	0.3342751049701146	0.06522079914305484	0.32422271874756703	0.06471079950179123	0.06893145159735646	0.06488204347232548	0.356229060739178	0.10099753350288583	0.08165178296134885	0.07118061161120232	0.12368595124248745	0.12614754004690473	0.1002039262842535	0.12608712229765048	0.0624958692471921	0.11707036642105229	0.05363245940623126	0.047858211426587936	0.056679308146642765	0.11955183691345325	0.07320155260763975	0.09857666204013009	0.1191185315300075	0.08183830885393242	0.19201144747207768	0.11127526970929025	0.07532022483892446	0.14407919569591263	0.32196131283944174	0.10600962161361156	0.4404738168759962	0.3562630493521248	0.040427324689468344	0.08718890280981004	0.11552505509358045	0.08678484389637856	0.057515047135074736	0.07120165787811888	0.09160809197330806	0.048816196366869694	0.08693932851625472	0.05212296209332978	0.08200849233778582	0.06850708434470754	0.049846117948308656	0.07903984626421454	0.07861354968565853	0.07611755742215476	0.09415398115951434	0.0815348071762791	0.04279940495136344	0.09887870823607112	0.08669677420023765	0.06958904128510617	0.09701504198613313	0.138611425052376	0.08522660555542895	0.07112378619278631	0.08195678500708754	0.06550128295625754	0.09633286625505309	0.0713495544287529	0.06037723142878928	0.057054946797503045	0.08245213504771264	0.07556025596390299	0.10249950367812494
ADIG18	164926	0.2791609210097281	0.08074142631373929	0.4022688930458567	0.15178462177999033	0.08312821302795266	0.16145504692361798	0.021406659432699985	0.3946332883233275	0.4834033544402461	0.3686406946016629	0.3746281961146996	0.08001339086248342	0.41424761115124403	0.081152691265694	0.3210951319796249	0.018272993603414067	0.10514129992650179	0	0.05325775634708634	0.2704424419991504	0.40192410684856233	0.45904416410212245	0.46816130914962006	0.07798969259207314	0.07576427035161977	0.08772373894429587	0.3935730491926606	0.0644284363681829	0.08217866197021356	0.08031470288912963	0.08475245391933474	0.035700517506878554	0.27871195142034283	0.35929994170127566	0.10090538055984619	0.349247555478728	0.09816398035915828	0.07648496300299304	0.08460211616250436	0.38125389747033894	0.04433725952782617	0.02801366030528378	0.0404747242830382	0.029725790118203158	0.02146622231788943	0.015651898789895386	0.022344051352677356	0.044074429256606644	0.033973903302040316	0.06257677726454108	0.06634385648225088	0.06780576203044512	0.06031027656879778	0.10955255362633944	0.02084992600124705	0.026904361483437292	0.02391018110116495	0.19860841178127317	0.02239591112888449	0.03511108245563887	0.050339891660053385	0.3469861495706027	0.03418179333388718	0.46549865360715703	0.3464398135043018	0.08986241899874105	0.1174986844766793	0.041919336081100655	0.04127911772909501	0.0578613544679081	0.08708049296568109	0.014526392781489105	0.05632510355963209	0.019015193197629874	0.055054362741173965	0.053005702511859966	0.036634215581794256	0.06701478920096686	0.03301306233458783	0.03027489946254729	0.07078219695489588	0.04916896211999399	0.023606492750222682	0.12106761278452527	0.05714141886566549	0.020489133436203344	0.06446002134272807	0.010774054532009596	0.05337940959852856	0.023856396651326366	0.03401751373371548	0.025266890368880593	0.1504230300162823	0.062028583763735864	0.035162666420427084	0.046559813142883766	0.048530352575929886	0.025135544580900292	0.030562029558150107	0.04368203068221935
ADIG19	164927	0.26604140190612235	0.036235124219925245	0.38914937394225096	0.13866510267638452	0.03302298600055354	0.1483355278200122	0.05706177488838836	0.38151376921972174	0.47028383533664025	0.3555211754980572	0.3615086770110939	0.026755634515397083	0.40112809204763833	0.037239303421197856	0.3079756128760192	0.03746680898335935	0.05188354357941545	0.05325775634708634	0	0.25732292289554465	0.38880458774495663	0.4459246449985166	0.4550417900460143	0.0247319362449868	0.023989298215648814	0.036279042187969346	0.38045353008905486	0.02892234989913399	0.04241501818723302	0.06719518378552383	0.03210793386506162	0.023296358134020926	0.2655924323167371	0.3461804225976698	0.07151546627817644	0.33612803637512223	0.06891350335736815	0.03695996205232566	0.044586991998816085	0.36813437836673313	0.04911398992347039	0.029975021793426884	0.02084704907402134	0.07180240766307201	0.07426399646748928	0.04887378045882313	0.07420357871823503	0.01092009892227165	0.0664344984043037	0.019767768080950963	0.019843892311798672	0.019716859572366734	0.07957361096159304	0.06920114898763896	0.0482485672778765	0.06879043676775391	0.038122083156539546	0.18548889267766738	0.06230112097611025	0.02398367974678661	0.09359098019822942	0.333866630466997	0.05412607803419611	0.4523791345035513	0.333320294400696	0.038288780458628505	0.10015050661083498	0.06488918707683185	0.047492316591228316	0.020941088297747632	0.043504486962411076	0.04102084042240499	0.01336227749563206	0.035055784936839265	0.015247312931393893	0.03012494875837035	0.017388022920192755	0.027489788250299477	0.027156302684799086	0.02673000610624309	0.03463142411257204	0.04227043758009889	0.030896566227639033	0.08154261183385791	0.046995164656655666	0.03636867943798407	0.024935020392060706	0.045439271661212685	0.08994692153468467	0.033343061976013506	0.01939203195757935	0.030160659739794822	0.10424448983875204	0.044449322675637636	0.020983583188935322	0.009741363412040684	0.005434448616635147	0.03072264506042298	0.023813389579841956	0.05061596009870948
ADIG20	164928	0.04385352239510389	0.249008232253026	0.13953461379340992	0.1261760237423931	0.25138194968104716	0.11919273834656646	0.2513672704225549	0.1461204717603021	0.23471298659978687	0.10847196107205548	0.12080505515485639	0.23502891570293727	0.16595333993573985	0.268678492477296	0.06859270197119136	0.2590182664100703	0.24541760526798945	0.2704424419991504	0.25732292289554465	0	0.141013035219083	0.2132858541863879	0.26226414201847076	0.25165183191114254	0.252638156904304	0.25186260197280924	0.18864915197160462	0.25907414871944084	0.27126820329036594	0.2086354267687102	0.23060865096809716	0.2700379358302066	0.03243533098231566	0.09891486668514705	0.18580745661736817	0.08758216996683901	0.18840941953817644	0.26290730847218446	0.2634689232812198	0.1231526163509045	0.2708318311311851	0.2540676036497036	0.2509904684261438	0.2601721413006189	0.27280477780990314	0.2547905432092549	0.27242290531660635	0.2589409322942972	0.2572365225313331	0.2381005327943854	0.27181044433548485	0.26173901398868554	0.21031546400635912	0.20001619068993529	0.24959251599790336	0.2524644310021007	0.2559898005959318	0.07565151706916146	0.25256481130099234	0.25257248026837675	0.24491742898829338	0.09685395255191155	0.2548809904438277	0.24374432980601077	0.2021818330472472	0.22145723727450523	0.188886475293955	0.24782028339873527	0.23297267770667	0.23638183459779694	0.2569158205496526	0.2560448389939371	0.26699440176668365	0.2638964474820252	0.2721042794490845	0.27017135025697664	0.25913210756780325	0.2803794722155677	0.2773512260122052	0.27322841871064696	0.2513142457146803	0.2556412373636665	0.25775290496140607	0.28268552561463467	0.26704561283525236	0.2575523890902906	0.27239500437240893	0.2626918926026225	0.24940242946444333	0.2675532260846233	0.2648065843697154	0.26216488691031403	0.2573638392238783	0.2808765718947846	0.2651686153775385	0.25667992141085927	0.25792701475167207	0.26713470281008267	0.26904997972485145	0.2638277800436526
