ADIG01	164909	0.0	0.002118083309664295	0.0010996451580207456	0.0013479014662664667	0.001886856957831104	0.00134574971966999	0.0021189869248612134	0.001346586036474907	0.00211331798894216	0.0007476791706994897	0.0010197287865806063	0.0020135492229215596	0.001673136085824293	0.0024802417600319473	0.0004662479248974283	0.002284834901376569	0.0019503038097893805	0.0027226154905811125	0.0021875232339741302	0.0007123623060675902	0.0012229429094666264	0.002588405244378936	0.002420229775288465	0.002089287021270319	0.001911510956082798	0.0023059376644234157	0.0024369942383431283	0.0027036225429247474	0.002295512578807397	0.002267685491897471	0.0017534711610413967	0.0023461377990242273	0.000676408958639014	0.0011995932794944312	0.0015479161487256209	0.0006482475318556743	0.0015735174594693482	0.0026978610586215626	0.0026956364906890774	0.0009160382665465824	0.0028402305447475136	0.0020710209749454592	0.0020219026776592715	0.002405982353302147	0.0027951068181413237	0.0021196553716656464	0.0027996838135304018	0.002198042691295955	0.0025867087381356837	0.0018651852335754696	0.002255217527024264	0.002101092335502484	0.0018834438351094322	0.0015290681296857983	0.0020515377143680655	0.0021604126212554824	0.002596610712159854	0.0011694515644519359	0.002316419145038469	0.0020514514913035015	0.0021660054264016747	0.0007761879171419991	0.0024659800573913065	0.002932873168107041	0.0025453997719403583	0.0017445612434184225	0.0019712534115304977	0.0022441189805180615	0.0019657279446506767	0.0018755067705110207	0.0027827190829989887	0.0022980369676775247	0.002569513727182859	0.0023479200395404337	0.002576356435674474	0.0030035514005883023	0.0022602280863498426	0.002585987576302683	0.0026875221732565605	0.0026516471175391998	0.00236562498813332	0.0024634628073810193	0.0022776307227283334	0.0023852514919558135	0.0025741528021605434	0.0022890202342742204	0.0029582574984197956	0.0023549347781496015	0.0025688758964266378	0.002349427841616019	0.0026130241639902205	0.0022935366888401534	0.0018437111330938344	0.003283629869654042	0.0026000912666539343	0.0022224027693982127	0.0021950745100791803	0.002636339516891074	0.002641259243876198	0.0028303198503501813
ADIG02	164910	0.002118083309664295	0.0	0.0030232871588018358	0.0011556320720047112	0.0006770658519859048	0.0010227292397520804	0.0007919281278283694	0.0028036392170376198	0.003759112327073418	0.0028350933668099395	0.0028140462727541003	0.0008250953899499526	0.003247987353737784	0.0011459146138445109	0.002314382805086733	0.0009560781587998279	0.0008476376160288217	0.0013878611675411396	0.0008600812642409402	0.0016908052622749098	0.003030642262466899	0.00400704469420952	0.0031905520184648097	0.0007745309052932559	0.000633391061683298	0.00024276505576040068	0.00337393746560728	0.000677309857008652	0.000910223159586196	0.00044553316102440954	0.0007092388975490193	0.0009784326817226894	0.0016229798166489816	0.0029899030728113905	0.0009938172374449779	0.0024944609298947922	0.0009795321509434372	0.0006715429455322059	0.0006693160024322795	0.002984541741272063	0.0008091005007434734	0.0006984431568572232	0.0007183000846688827	0.0010334526071995721	0.00143618502192614	0.0007337485462885154	0.0014346571597036954	0.0008796886723578068	0.000530489417366947	0.0007449629664247203	0.0009081540006526757	0.0009932638268239373	0.0008721887107840645	0.0007891316377651058	0.0007721533690620458	0.0007782953246698678	0.0012619853138945336	0.0012056866439017957	0.0009989346219287714	0.0007056044350940374	0.0008747455583380386	0.0025406364173632496	0.00044629646175831247	0.004082282816784352	0.0022021071231217225	0.0009192242594194454	0.0011665646369121545	0.0002184359826013562	0.000817811295858343	0.0007356816858443376	0.000715692545446472	0.0009633893883453382	0.001235026253901495	0.000986300393067227	0.0012418342799290646	0.0016522367210084037	0.0009256772730622759	0.0012514434916990544	0.0013416752387865108	0.0013169856223475816	0.0003306506952681073	0.0004124338326230492	0.0009493195508832538	0.0011481908635170715	0.0005071092774002041	0.0009645296632611665	0.0016220530588566475	0.000996701185058518	0.0005057953211884754	0.0009884299388421443	0.0012784281716060762	0.0009405139907262909	0.00034230427810416224	0.0019078656528170638	0.0012654951910882042	0.0008879118527310925	0.000864305896280552	0.0012982220051927932	0.0013066388466110772	0.0007632805264300099
ADIG03	164911	0.0010996451580207456	0.0030232871588018358	0.0	0.0023627051197656446	0.0027449136191426797	0.0023019675552344637	0.0029832954609711245	0.0006896100433221082	0.001428614933585609	0.00048641055528928184	0.0004274646521758856	0.0028719409683210643	0.0008970069665132105	0.003417692602643627	0.0010293373235466135	0.003241054131652329	0.0028733269960266056	0.0036677046704939814	0.003141778418648428	0.001423962639244573	0.0006505852607861882	0.001751044225418089	0.0018898249562866128	0.0029977121821374744	0.002814435034383148	0.00326215549998789	0.001644429424959968	0.0036525294967769263	0.003165941486468774	0.0031690847514788583	0.002650276866394825	0.0033023570292999866	0.0015076343269630746	0.0009095957426040831	0.002360349524378018	0.0008954499933550453	0.0023890894595807073	0.003650669386074687	0.00364148810962078	0.0006986018114600946	0.0037964483803119868	0.002983825959023212	0.002904094168627525	0.003362201583577907	0.003751326048417083	0.0030294319233175934	0.0037559030438061615	0.003154261921571714	0.0034857955013988745	0.0027394377456265214	0.0032114367573000233	0.0028891189560851056	0.0027581434977250246	0.0023705320987907294	0.0029341732361936913	0.003055699359261971	0.003515815111739748	0.002072248305341407	0.0032690644408546084	0.0029459819469170334	0.0030156535147613647	0.0006261311272842824	0.00342219789295578	0.0018531941251779811	0.002464874877947637	0.002552178145104528	0.0027731174951621815	0.0031508627098208396	0.0028482575434556493	0.0027518221347454476	0.0037389369185634627	0.003248390533061492	0.003478025524122225	0.003304139269816193	0.0035231388987618426	0.003959769236152776	0.0032114279361036644	0.0035342147544782957	0.0036437414035323202	0.003598263964912307	0.0033218428236977933	0.0034196806429454933	0.0032324857404139066	0.0033327149127999603	0.0035303739485152775	0.0032226519082353042	0.003914475333984269	0.0033111540084253613	0.003525093731991111	0.0033056470718917782	0.0035360473502274456	0.0032497559191159127	0.0027412999573651034	0.004239847705218516	0.0035512911164077557	0.003147547300028278	0.00315129374035494	0.003592558747166833	0.0035894864220518104	0.0037865376859146545
ADIG04	164912	0.0013479014662664667	0.0011556320720047112	0.0023627051197656446	0.0	0.0009653050496278431	0.000818045357637173	0.0011974320157576818	0.0022058137887431342	0.0032965035258556317	0.0020360038817372962	0.0020092265085958775	0.0008622361705841169	0.0027608355865190474	0.0013435691612913422	0.0015225868291002301	0.001115711017538216	0.0008510318647829568	0.0015859282874591922	0.0010508320296518502	0.0012584202329459445	0.002259492371219714	0.003574025433867002	0.003097103658371548	0.0009526222248704159	0.0009873450926007347	0.0011267170664128784	0.0033146313028721295	0.0015667662634619931	0.0013739634714443878	0.0012893733045445527	0.0008102699571087529	0.0011763298864204776	0.0012694417029166913	0.002295932347187272	0.00093484301120517	0.0017247164867954718	0.0009205765155950225	0.0015610027354970996	0.0015587818117064665	0.0022118071863603123	0.0016526033743852703	0.0011110977939158217	0.0010893268408051964	0.0012315006300519706	0.0016343140014702941	0.0011665261369807015	0.0016327793378875777	0.0010517614639627927	0.001654049996094347	0.0009375342910302638	0.0010615691328348914	0.0011796045791462523	0.000983290479339468	0.0007781800880531768	0.001129976003223922	0.0012049942571787805	0.0014599334572714543	0.001011079508551583	0.0011797235923328424	0.0010838163672428065	0.001244440114177208	0.0018671276776241969	0.0012798813547293738	0.00382351501557811	0.0023794971062126545	0.0008805263759193749	0.0013973639693046864	0.0013045049653725663	0.0010441860506961878	0.0009539434679931064	0.0015889072141492856	0.0011613390140115137	0.0014328554760952195	0.0011842298106501694	0.0014396721253295782	0.0018503950301479684	0.0011235374822076167	0.001449291117573515	0.00153964264324137	0.0015149547128568116	0.0012201117207342029	0.001269645917116929	0.0011409374240708993	0.0012485612344668936	0.0013803547554810964	0.0011523366322326244	0.0018202237389377876	0.0011697637839981543	0.0013750664091237313	0.0011825219656931387	0.0014763513099819963	0.0011306013664925064	0.001304374415805402	0.002089819820574115	0.0014634014627517803	0.001085724023415275	0.0010511703432959435	0.001496177750090018	0.0015045759877875577	0.001636503800070014
ADIG05	164913	0.001886856957831104	0.0006770658519859048	0.0027449136191426797	0.0009653050496278431	0.0	0.0012391075694808444	0.00025585111625487647	0.002538269154272983	0.0035037225731874987	0.0025797087161794473	0.002558648732336528	0.00025537731719565976	0.0029924805038304297	0.000678771509502851	0.0020589970344364566	0.0005611069653295988	0.0003044817959712611	0.0009287559690707212	0.00041222202091627496	0.0017781524701501426	0.002775249725551779	0.003722716419794336	0.002935154857171483	0.0003043490323597079	8.253556222866843e-05	0.0009197772066820046	0.003132005631714135	0.0013038747965489646	0.00042698658318495537	0.0005027307868866616	0.00015503509251909014	0.0005755722229634599	0.0017155478175829566	0.0027993854397575842	0.00039232481831434564	0.002303955638869746	0.0003773311590977293	0.0013020102805043183	0.0012928248068120437	0.0027291508054777267	0.0014477982814644394	0.0002761891841573162	0.00017219911973592077	0.0006728752922776835	0.0010154830171605661	0.0003339753466440151	0.0010169770289248108	0.00047472962188284103	0.0011371889034567405	0.00013464744680404114	0.0005029988386115833	0.0003881314450258219	0.00031445414768672833	0.0005698184829658661	0.00025063297644293295	0.0003503550828284889	0.0008012634312574168	0.0011375791532442275	0.0005642128055148246	0.00023103863896820618	0.0003303451116835047	0.0022653692391289906	0.0010736020103731118	0.0038022902111200163	0.002201462670460041	0.0002445857107232169	0.0010871871666115053	0.0008022966361808543	0.00020754849298614805	0.00015655409017751343	0.0013903598416224866	0.0005376492603370006	0.0007626843988828337	0.0005652130953991339	0.0007842021697671947	0.0016111223435091864	0.00047248763720116017	0.0008219801396761527	0.000904795873657584	0.000873801436180854	0.0009732146171122024	0.0010710740450033589	0.000503681843446961	0.0006618553976865175	0.0011817734659578338	0.0005030948955586675	0.001565820029174052	0.0006032346837151146	0.0011828479929297906	0.0005752611352119318	0.000806191435010059	0.0005568266167893345	0.00089083206359908	0.0018912064282413739	0.00081236302116635	0.00042085254925962166	0.00044394668656596973	0.0008612904166215419	0.0008505523091619415	0.0014379064823135967
ADIG06	164914	0.00134574971966999	0.0010227292397520804	0.0023019675552344637	0.000818045357637173	0.0012391075694808444	0.0	0.0014649492180154047	0.002082321472923421	0.0031224483056896094	0.0020559025937618544	0.0020897564817534487	0.0011595573490307456	0.0025867803663530255	0.0016111373788536562	0.0015702676594578416	0.001390266445763729	0.0010814505639236771	0.001853445489716915	0.001318349231909573	0.0011505238772135462	0.00227585192588434	0.00339997021370098	0.0032577245870798787	0.001220238456837051	0.0012549793299689905	0.000993814234160248	0.003251746846997057	0.0014338634312093626	0.0016415526953085925	0.0011563260998919795	0.001227822876070432	0.0014438470886782003	0.0008688985743869713	0.0021899750840746984	0.0013627309392477045	0.0017335312157976766	0.0013636105771531457	0.0014280999032444692	0.0014258789794538362	0.0022602519502714106	0.0015197005421326397	0.0013786149961735445	0.0013568440430629187	0.0014990178323096928	0.0019018312037280165	0.0014340433392384239	0.0019002965401453003	0.001319278666220515	0.0015211471638417167	0.0013093946507352207	0.0013207537913874161	0.0015888795092820266	0.001445092140362001	0.001251052325994449	0.0013974932054816446	0.0014725114594365035	0.0017274506595291767	0.0007399145725570257	0.0014472407945905648	0.001351333569500529	0.0015119589169150741	0.001819316813795878	0.0011469785224767432	0.00373617112471324	0.0023034031160676103	0.0013636831253175951	0.001344354239768889	0.001171602133119936	0.0013822989920704533	0.0013117948569172932	0.0014369697634490346	0.0014288562162692365	0.0017003726783529419	0.001451747012907892	0.0017071893275873008	0.0021180306679363502	0.0013910546844653393	0.0017168083198312375	0.0018071598454990922	0.0017824719151145344	0.0010872088884815725	0.0011353665379613643	0.0014084546263286217	0.0015163102284865898	0.001228417304780845	0.001419853834490347	0.0020878593767261694	0.0014372809862558769	0.0012231289584234803	0.0014500391679508613	0.0017438685122397194	0.001398118568750229	0.0010663777900070022	0.002338420839914876	0.0017309186650095029	0.001353241225672998	0.001318687545553666	0.0017636949523477405	0.00177209319004528	0.0014990148231084416
ADIG07	164915	0.0021189869248612134	0.0007919281278283694	0.0029832954609711245	0.0011974320157576818	0.00025585111625487647	0.0014649492180154047	0.0	0.002771933190683906	0.0037373866095984217	0.0028133695516300824	0.0027923127687474515	0.00042330006276755704	0.0032261445402413528	0.0007001083576773033	0.0022926546689268036	0.00031157907004101214	0.0004664473172276378	0.0006844406189456837	0.0003405816765329599	0.0020102794362799816	0.0030089137619627015	0.003967051375801138	0.0031688188935824063	0.00039455028741622463	0.00024066271029308812	0.0010294637405021507	0.0033748065183401227	0.0012158942810743222	0.00047201452306691984	0.0006841705506371988	0.0003872213708003175	0.00033645583009349	0.0019476747837127955	0.003031515406787693	0.0006260065504901809	0.0025360856058998546	0.000611011600430129	0.0012858440667707605	0.0013260991164049218	0.0029628148418886498	0.0011920403931779534	0.00010116768690569137	0.00011728268724617392	0.0004194116637691309	0.0007680697840419048	7.815370385702935e-05	0.0007726517804311829	0.00032920298411570365	0.0009010450871974729	0.00026908104404321293	0.00043593814920476137	0.0005361151454367477	0.00025543827305012627	0.0008126942882859495	6.746341475442625e-05	9.924076751065223e-05	0.000547037011571511	0.00136966632134161	0.00031465419136672264	0.00011368556094908198	0.00012258676373912196	0.0025006691030941127	0.0008704277399119736	0.0040422844928699134	0.0024442643947835507	0.0005003904130539161	0.001320633636842119	0.0006425342492247674	0.0002028584351239134	0.0002549823622955535	0.0011515091894668398	0.00028189580976408163	0.000642170149573774	0.00032087763361835083	0.0006302500168599923	0.0013553852230576927	0.0002999209485945783	0.000649586113951338	0.0006604805235325464	0.0006180469489146742	0.0009857370060149997	0.0009386794329057562	0.00027376723251733103	0.0008114223999041341	0.0010359337655105084	0.0002581428551865559	0.0013101324355506798	0.00035370418764629394	0.0009332700826367025	0.00033485520850713105	0.0005634041524652956	0.0003073195731944314	0.0010396165159747926	0.001635470359763483	0.0005680476710413125	0.00030560216423150007	0.00032728340198059404	0.0006093106844319829	0.0006062369590369039	0.0011990760267827625
ADIG08	164916	0.001346586036474907	0.0028036392170376198	0.0006896100433221082	0.0022058137887431342	0.002538269154272983	0.002082321472923421	0.002771933190683906	0.0	0.0013941075346335567	0.0008849295785618363	0.0006547431215343205	0.0026522772296087038	0.001002665867804023	0.003198028863931266	0.001002536636422653	0.0030213903929399684	0.002653663257314245	0.0034480409317816205	0.0029221146799360675	0.001464816526882116	0.0005336710216081625	0.0018860564636801172	0.0017758432353503473	0.002778048443425114	0.0025947712956707874	0.003042507558223674	0.001641441920214032	0.0034328815550127103	0.0029576280503518064	0.002949421012766498	0.0024306131276824643	0.003082693290587626	0.0012415787647934607	0.0012979639685226547	0.0021459665566704693	0.0010935782574592312	0.002169425720868347	0.0034310214443104715	0.0034218401678565644	0.0008742593827333596	0.0035768004385477717	0.0027641622203108513	0.0026974497037578287	0.0031425378448655464	0.0035316623097047225	0.002809768184605233	0.0035362393050938	0.002934598182859354	0.0032661475596346586	0.002525026641169052	0.0029917730185876623	0.0026398979865147696	0.0025514990328553283	0.0021367236221896484	0.0027159510890234083	0.002836035620549611	0.0032961513730273874	0.0018526229809094712	0.003049400702142248	0.002727025270445979	0.0028090090498916684	0.0007883352458182356	0.0032025499511915646	0.001960258956649572	0.0022599263029287695	0.0023455282360275095	0.0025231782479232068	0.0029312147680566236	0.0026323500061602653	0.0025451776698757513	0.003519291236372456	0.0030287267943491306	0.0032583617854098643	0.0030844755311038325	0.003303475160049482	0.0037401212943885603	0.002991764197391304	0.003314551015765935	0.003424077664819959	0.0033786002261999466	0.003102194881933578	0.003200032701181277	0.003012822001701546	0.0031130511740875997	0.003310738777704266	0.0030029881695229433	0.0036948273922200532	0.003091490269713	0.003305450431346901	0.0030859833331794177	0.003316383611515085	0.003030092180403552	0.0025216520156008874	0.004020203842797285	0.003331627377695395	0.0029278835613159165	0.0029316300016425795	0.0033728950084544723	0.00336982268333945	0.0035668897441504385
ADIG09	164917	0.00211331798894216	0.003759112327073418	0.001428614933585609	0.0032965035258556317	0.0035037225731874987	0.0031224483056896094	0.0037373866095984217	0.0013941075346335567	0.0	0.0017011160677047952	0.0016245095210398297	0.0035995353370188955	0.0011971614993466742	0.0041452869713414576	0.002004929575785509	0.00396864850035016	0.0036009213647244364	0.004395299039191812	0.0038693727873462588	0.0023848186609418784	0.0011277550435516781	0.0014245078548109618	0.0017922623073273274	0.0037253065508353056	0.003552519803616627	0.003989750281628688	0.0016459755897258927	0.004380124278417725	0.003923081469266322	0.003908720930777062	0.003394486754456533	0.004029951397997817	0.0024059481177222	0.0015985205221423623	0.003111419975584985	0.0019113963118317766	0.003126412020271624	0.004378264167715485	0.004369082891261578	0.0012628251130264367	0.004524043161952785	0.003712053720794356	0.003662903122672344	0.004089795952275738	0.004478920417114915	0.0037606829698827032	0.004483497412503992	0.0038818562902695453	0.0042277189480217975	0.0034904800600835673	0.0039390311259978545	0.003311729806580412	0.0035169524517698436	0.003102145519488492	0.0036814045079379236	0.0038014338169115158	0.004243409480437579	0.0028606104215003147	0.003996658809552439	0.003692478689360495	0.003774462468806184	0.0017856290421687706	0.0041497926745965785	0.0012031719820223637	0.0025313793999538745	0.0033109816549420253	0.0032598876382363305	0.003885136849284472	0.0035978034250747806	0.0035106310887902665	0.00446653170020426	0.003975984901759323	0.0042056198928200565	0.004031733638514024	0.004250733267459674	0.004687364017793573	0.003939022304801495	0.004261809123176127	0.004371335772230152	0.004325858333610138	0.004049437605338592	0.00414727542458629	0.003960080109111738	0.004060309281497791	0.0042579654193658145	0.003950246276933135	0.004642070115625067	0.004038748377123192	0.004252688513631909	0.004033241440589609	0.004263641718925277	0.003977350287813744	0.003484720599339489	0.004967442486859314	0.004278885485105587	0.0038751416687261087	0.0038788881090527708	0.004320153115864665	0.004317080790749642	0.004514132467555453
ADIG10	164918	0.0007476791706994897	0.0028350933668099395	0.00048641055528928184	0.0020360038817372962	0.0025797087161794473	0.0020559025937618544	0.0028133695516300824	0.0008849295785618363	0.0017011160677047952	0.0	0.00031123614052836976	0.002672623936881332	0.0012634495251273737	0.0031716180407157105	0.0006739997277594316	0.002994979569724413	0.0026272524340986893	0.003421630108566065	0.0028957038567205117	0.0012304030818974306	0.0007772139442709894	0.002222907394363735	0.0020691858321538136	0.0027516376202095585	0.0026284919424073155	0.003016090538515281	0.0020206926202474026	0.0034064645353043166	0.0029990628108178385	0.002984692783001244	0.0024704586066807152	0.003056282467372071	0.0012819765075338162	0.0008312360684051493	0.002220922899982257	0.0005566109315580279	0.002239394929751187	0.0034046044246020773	0.0033954231481481707	0.0007104507788451915	0.003550383418839377	0.0027880255730185375	0.0027388794627234104	0.0031161270216499906	0.0035052514864891676	0.0028366548221068857	0.003509828481878245	0.002908187359643798	0.003303699987758319	0.0025780336019736103	0.0029653621953721074	0.0027614764514636565	0.002592936653409001	0.002251526925504937	0.0027573826485291523	0.002877405669135697	0.0032697405498118316	0.0018919242456441783	0.003022989878926692	0.002768450541584677	0.002850451812758421	0.0008661772594816368	0.003176132931483171	0.0022913564500152187	0.002891359015911138	0.0024104360644916093	0.0026316560398600333	0.002961117889020993	0.0026737815946863202	0.00258661265976235	0.003492871957090853	0.0030023159711335752	0.0032319509621943085	0.0030580647078882767	0.0032770643368339267	0.0037137042746801666	0.002965353374175748	0.00328814019255038	0.003397666841604404	0.003352189402984391	0.0030757778622251845	0.0031736156814728836	0.002986411178485991	0.003086640350872044	0.0032843056762524078	0.0029765773463073884	0.00366841037251166	0.0030650794464974454	0.003279028770518502	0.003059572509963862	0.0032899727882995293	0.0030036813571879973	0.0025607016390760103	0.003993782743745906	0.00330521655447984	0.0029014727381003616	0.0029052191784270237	0.0033464841852389174	0.003343411860123894	0.0035404727244420452
ADIG11	164919	0.0010197287865806063	0.0028140462727541003	0.0004274646521758856	0.0020092265085958775	0.002558648732336528	0.0020897564817534487	0.0027923127687474515	0.0006547431215343205	0.0016245095210398297	0.00031123614052836976	0.0	0.0026673334119334496	0.0012577674124659086	0.0032054733296879912	0.0008883090832382666	0.003028834858696694	0.0026611077230709696	0.003455485397538346	0.0029295591456927924	0.0014287119488180925	0.0007648273830281196	0.002156999160260739	0.0018374383914230741	0.002785492909181839	0.002607445962765657	0.0030499444265068747	0.00179824762715899	0.0034403184232959113	0.0029780076284153514	0.002963647089926091	0.0024494129136055625	0.0030901377563443515	0.0012901859244863743	0.0009331253470194409	0.002173260388470333	0.000790009877710024	0.0021905562622252604	0.0034384583125936716	0.003429277036139765	0.0006879534214249974	0.0035842373068309718	0.0027716066860675763	0.0027178292818213737	0.0031499823106222713	0.0035391067754614483	0.0028172126503619582	0.003543683770850526	0.0029420426486160786	0.00328265289370248	0.0025454062192325965	0.0029992174843443877	0.002724351675725077	0.0025718786109188724	0.002203879334100954	0.002736330667086953	0.002856359976060544	0.0033035958387841124	0.0018600372318603917	0.0030568451678989732	0.0027474048485095245	0.0028293886279552134	0.0006352499588812166	0.0032099868194747656	0.0020215520773757376	0.0026567212764034825	0.0023659256984916994	0.0025945386003823987	0.002940070794965154	0.0026527295842238103	0.0025655572479392963	0.0035267258450824472	0.003036171260105856	0.0032658062511665893	0.003091919996860558	0.003310919625806207	0.0037475581626717604	0.0029992086631480293	0.0033219954815226606	0.0034315221305766847	0.003386044691956671	0.0031096317502167783	0.003207469569464478	0.003020266467458272	0.0031204956398443247	0.0033181595642440016	0.0030104326352796682	0.0037022642605032538	0.0030989347354697257	0.003312882658510096	0.0030934277989361427	0.0033238280772718096	0.003037536646160278	0.002539654545020171	0.0040276366317375	0.00333907184345212	0.002935328027072643	0.002939074467399304	0.0033803394742111977	0.0033772671490961753	0.00357432661243364
ADIG12	164920	0.0020135492229215596	0.0008250953899499526	0.0028719409683210643	0.0008622361705841169	0.00025537731719565976	0.0011595573490307456	0.00042330006276755704	0.0026522772296087038	0.0035995353370188955	0.002672623936881332	0.0026673334119334496	0.0	0.003096630154449967	0.0005457718277980884	0.002163447464820889	0.0004034348242860144	0.00017162545573114638	0.0008094616024386923	0.0002804881149824554	0.0019080473367120562	0.002845822142998772	0.0038556968831510775	0.00300503437183371	0.00012726096587772396	0.0002165389365316749	0.0007965121697696597	0.003309941790627411	0.001186865456504912	0.0005868317391997183	0.0006906566623253324	0.0003561233734733299	0.00045857348610036156	0.0018417939388203214	0.0029391327382411836	0.0005319927888794926	0.0024384480453501296	0.0004942362335937638	0.0011850063676335269	0.0011758232691086935	0.002830223768506628	0.0013307995446013412	0.0004176488290006805	0.0003480343608169719	0.0005558680567057406	0.0008984742069213841	0.0004785275330406697	0.0008969553402580516	0.00032960619261852375	0.001292431484331186	0.00028652835838644273	0.0003547385134119841	0.0005596434535392993	0.0005096873379428554	0.000747699571304357	0.00039323026703883847	0.0005093998839910499	0.000671326926935387	0.0013052723787954	0.00042761678076976527	0.0003783002682047355	0.0005000886145030775	0.0024102736534658544	0.0009566009766617273	0.003930930000219853	0.002379422175931581	0.0003894360676315587	0.0012722126307948064	0.0009498752412103896	0.00035834158059366774	0.0003549612711963322	0.001273377152202147	0.00042063959814671624	0.0006060963581616326	0.0004481721751175044	0.0006512137446047113	0.001494111376726612	0.00035395498328371375	0.0007049804276455292	0.0007779601496470043	0.0007567942967969996	0.0008562135834008177	0.0009540730112919744	0.00037800259405321277	0.0005798480722444489	0.0010647724322464494	0.00037358146012676666	0.0014488135157831566	0.0004666798213551354	0.0010595535273083807	0.000452039098809762	0.0006671651150930187	0.00042961883334079393	0.0010755200246660647	0.0017742076913782757	0.000690762421584436	0.00029688458191868855	0.0003136405189736527	0.000744269100270054	0.0007175634573314664	0.0013208940713542706
ADIG13	164921	0.001673136085824293	0.003247987353737784	0.0008970069665132105	0.0027608355865190474	0.0029924805038304297	0.0025867803663530255	0.0032261445402413528	0.001002665867804023	0.0011971614993466742	0.0012634495251273737	0.0012577674124659086	0.003096630154449967	0.0	0.0036423817887725296	0.0013190695306196049	0.003465743317781232	0.0030980161821555084	0.0038923938566228847	0.0033664676047773312	0.0018116617810472588	0.0007727926375225558	0.0010032171508829039	0.001551487328358657	0.003222401368266377	0.0030412777342595588	0.0034868556949238386	0.0020969436559247394	0.0038772296917128747	0.003411839399909253	0.0033974788614199933	0.0028832446850994647	0.0035270462154288903	0.00180641597264468	0.0014294338638410728	0.002600177906227915	0.0014229988974452108	0.0026151699509145547	0.003875369581010636	0.003866188304556729	0.0008517216485506636	0.004021148575247936	0.0032085151451521146	0.003151661053315275	0.00358689076970681	0.003976015234545986	0.0032541211094464966	0.003980592229935065	0.0033789511077006174	0.003716487474528807	0.0029792379907264983	0.003436125943428926	0.00280358553843418	0.0030057103824127746	0.0026259241959473737	0.0031701624385808546	0.003290191747554446	0.0037405042978686507	0.0023204972837877653	0.0034937536269835116	0.003181236620003426	0.0032632203994491147	0.0012179958398820618	0.0036468980878917286	0.0015102113045535027	0.002381953751855299	0.0027997395855849563	0.002751744080355141	0.0033755629047567885	0.003086561355717711	0.0029993890194331975	0.003963637113499411	0.003473079719190394	0.003702714710251128	0.0035288284559450963	0.0037478280848907463	0.004184469431088725	0.0034361171222325676	0.003758903940607199	0.003868430589661223	0.0038229531510412104	0.003546543018633742	0.0036443808378814418	0.00345717492654281	0.0035574040989288635	0.0037550751442518666	0.003447341094364207	0.0041391755289202185	0.003535843194554264	0.00374979392692706	0.0035303362580206814	0.003760736536356349	0.003474445105244816	0.0029734891258464983	0.004464547900154464	0.003775980302536659	0.003372236486157181	0.003375982926483843	0.003817247933295737	0.0038141756081807136	0.004011237880850603
ADIG14	164922	0.0024802417600319473	0.0011459146138445109	0.003417692602643627	0.0013435691612913422	0.000678771509502851	0.0016111373788536562	0.0007001083576773033	0.003198028863931266	0.0041452869713414576	0.0031716180407157105	0.0032054733296879912	0.0005457718277980884	0.0036423817887725296	0.0	0.002685984507392384	0.0005165006445433634	0.000544369796891907	0.0002905087759427827	0.0003920219404821446	0.002403481732847211	0.003391573777321334	0.00440144851747364	0.0035507860061562723	0.0004200066283685106	0.0006246753218265483	0.0009331084162948886	0.0038053691739966034	0.0006679070283284983	0.0002571361637491249	0.0010849197381142183	0.0008078446230032734	0.00041637212432177827	0.0023271869477420153	0.003400405305852088	0.0010573779027585745	0.002933875428719322	0.0010286363530259079	0.0006660330341653617	0.0006804867130739225	0.0033759754028291895	0.0008118429169650894	0.0006821684417408436	0.0006608320181354409	0.0005770519558867661	0.00037953107949442727	0.0007189526138005068	0.0003780122128310947	0.00045355598751545376	0.0008676057662714952	0.0006874458692807843	0.0003851147491347406	0.0009705364640872054	0.0008550023252692329	0.0012431333748840257	0.0007225075032309692	0.0007659828674119513	0.0002208288012335489	0.0017781382006684789	0.0005427109420188573	0.0006817737338185141	0.0008172165443433033	0.0029350804490278926	0.000922047264559368	0.004476681634542416	0.0028748565720667363	0.0009118912750425128	0.0017460506878156914	0.001097048167610283	0.0006947080644707748	0.0006971223443193544	0.0011315211286185857	0.000490084159055672	9.241408382873944e-05	0.00045349864128856526	0.00013147749666672358	0.0009751426467401674	0.0004139952338701612	0.00018594148105473957	0.000258967913468404	0.00023780505937781314	0.0008597526602701439	0.0008934128703201778	0.0004587410674478233	0.00015864843533307238	0.0009177349116802864	0.00046613158557567286	0.0009298261795144312	0.0005120874816644995	0.0010362061174290214	0.0004511018172914088	0.0001626247732866309	0.00048496419507007777	0.001457981148674602	0.0012552505611507585	0.0001717805863859157	0.00040775484702741584	0.00042527103097929396	0.00022529496664185685	0.00019095819387730405	0.0008019509439273139
ADIG15	164923	0.0004662479248974283	0.002314382805086733	0.0010293373235466135	0.0015225868291002301	0.0020589970344364566	0.0015702676594578416	0.0022926546689268036	0.001002536636422653	0.002004929575785509	0.0006739997277594316	0.0008883090832382666	0.002163447464820889	0.0013190695306196049	0.002685984507392384	0.0	0.0025093460364010865	0.0021416189007753632	0.0029359965752427395	0.0024100703233971856	0.0006830962257681401	0.0009108983297107973	0.0022755424876242493	0.0023339978945288936	0.002266004086886232	0.0021077824950982895	0.0025304556042112674	0.002424772262048537	0.0029208296010003044	0.0024783463276344155	0.002463983622258724	0.0019497494459381954	0.0025706489340487446	0.0007013800992885197	0.0011511052653718553	0.0016736147526129638	0.0005117595625572406	0.0016951419097512247	0.0029189694902980647	0.0029097882138441576	0.0007930696638947262	0.003064748484535365	0.002267316412276018	0.002218165814154006	0.0026304934883266645	0.003019617953165841	0.002315945661364366	0.003024194948554919	0.002422553826320472	0.0027829894260351126	0.0020457427515652295	0.002479728662048781	0.002243856671607757	0.0020722230303132196	0.001704215612774633	0.0022366671994195862	0.002356696508393177	0.0027841070164885055	0.0013595619347760604	0.002537356345603366	0.002247741380842157	0.002329743331975718	0.0006692766217852493	0.002690497997179158	0.0028022764254886402	0.002462552254848394	0.0018812283462023938	0.0021140177476357716	0.002440407327297787	0.002153066116556443	0.002065896405999494	0.0030072370227868404	0.002516682437810249	0.0027463174288709824	0.0025724311745649506	0.0027914308035106006	0.0032280693403761536	0.002479719840852422	0.0028025066592270538	0.0029120333082810774	0.0028665558696610643	0.0025901429279211715	0.0026879807471688706	0.0025007776451626646	0.002601006817548718	0.0027986707419483947	0.002490943812984062	0.003182775438207647	0.002579445913174119	0.002793393836214489	0.002573938976640536	0.0028043392549762037	0.0025180478238646707	0.002039991077352804	0.0035081478094418934	0.0028195830211565137	0.002415839204777036	0.002419585645103697	0.002860850651915591	0.0028577783268005684	0.0030548377901380326
ADIG16	164924	0.002284834901376569	0.0009560781587998279	0.003241054131652329	0.001115711017538216	0.0005611069653295988	0.001390266445763729	0.00031157907004101214	0.0030213903929399684	0.00396864850035016	0.002994979569724413	0.003028834858696694	0.0004034348242860144	0.003465743317781232	0.0005165006445433634	0.0025093460364010865	0.0	0.0004421458194053503	0.0004702460785635691	0.00015423601225367592	0.0021756503971364976	0.0032149353063300364	0.004224810046482341	0.003374147535164975	0.00029496976533960177	0.0004976366316695009	0.0007751762453336004	0.003591703037336877	0.0010138959588176454	0.0005675828259177753	0.0009193265619839321	0.0005977990606866391	0.00010084883468261406	0.0020993556120313017	0.0031725899749428157	0.0008807368309870429	0.002706060097810049	0.0008519952812543759	0.0010799290331451738	0.0011271475264879468	0.0031993369318378925	0.0009357807309392821	0.00030378786331095324	0.00038971207736320884	0.0001524336325397622	0.0005186132679934917	0.00025930945690941774	0.0005170808048508634	9.938190380839686e-05	0.0009531897410698553	0.0005176379800640191	0.00016429716572971914	0.000832110577209561	0.0005136604675324387	0.001015329943763177	0.00032959183323997177	0.0002917727844900558	0.00034434694663922083	0.0015503068649577653	8.717470532924468e-05	0.0003437651750358289	0.0004043974746323896	0.002758425973235155	0.000627901830719216	0.004300043163551119	0.0026565120083644487	0.0007649919598379511	0.001604419932312477	0.0007884191771631489	0.00045157621229542004	0.0005147253553164628	0.0009097797097029108	5.880380783408073e-05	0.0004623928643193681	6.85187931119533e-05	0.0004372759496779757	0.0011068883719705098	0.00010250541067320208	0.0004482776313366198	0.00042393744150930166	0.00039927350426127836	0.0007677477104999108	0.0006969184264769449	5.7760326254755026e-05	0.0006177609352535549	0.0007941735936623788	5.801246989096723e-05	0.001076767166763851	7.010847935380635e-05	0.0006681663377714627	6.681094815492269e-05	0.00037842586508437257	4.904195902325738e-05	0.0012851346281484441	0.0013708282254681276	0.0003607458248874665	0.00014874676825583287	0.00011717188224467325	0.0003805322276554242	0.0003889166625924116	0.0009572967320743503
ADIG17	164925	0.0019503038097893805	0.0008476376160288217	0.0028733269960266056	0.0008510318647829568	0.0003044817959712611	0.0010814505639236771	0.0004664473172276378	0.002653663257314245	0.0036009213647244364	0.0026272524340986893	0.0026611077230709696	0.00017162545573114638	0.0030980161821555084	0.000544369796891907	0.0021416189007753632	0.0004421458194053503	0.0	0.0008332672678226301	0.0003042951807865194	0.0018735433711589457	0.002847208170704313	0.0038570829108566184	0.0030064203995392516	0.00016565852170463593	0.0002975588093352704	0.00082032753422255	0.0032754312237540367	0.0012106655202083457	0.0006106172976914166	0.0007373435516656053	0.00040100206646769134	0.0004823814552766776	0.0017972485860537498	0.0028704673556095212	0.0005130081058666674	0.002403937478476755	0.00048426655613400063	0.0012087915260452092	0.0011996043271104166	0.002831609796212169	0.0013546014088449366	0.0004460022037792985	0.000425516970883735	0.0005796834211586311	0.0009222895713742748	0.0005023669022945204	0.0009207707047109422	0.00035576419709941963	0.0013162708535850369	0.00039961140556138354	0.00038324567472194525	0.0006796510126911298	0.000593791501155498	0.0008149115466647831	0.0004684238533984891	0.0005332392532449004	0.000698949475725145	0.0012483459473414554	0.0004514321452226557	0.0004331284286564018	0.0005790972403745822	0.0023907144309651737	0.000980416341114618	0.003932316027925395	0.002345005063353989	0.0004164834480010347	0.001222175400848817	0.0009737094094240324	0.00043284131718630456	0.0004390722357692469	0.0012971677704434162	0.00044445496259960663	0.0006207421845669135	0.000471987539570395	0.0006742534887562838	0.0015179011386200147	0.00037777034773660414	0.0007287419813362672	0.0008017264053482513	0.0007805635512576606	0.000880028947853708	0.0009778883757448646	0.00040181795850610327	0.0005051342876475295	0.0010885877966993398	0.00039739682457965716	0.0014725846713942788	0.0004904951858080258	0.0010833688917612713	0.00047585446326265236	0.0006909442723044609	0.0004534341977936844	0.0009470046558599115	0.0017980090530306059	0.000714539078265763	0.00032069835341593303	0.0003374491852578606	0.0007680534585217042	0.0007337166857571515	0.001344709435807161
ADIG18	164926	0.0027226154905811125	0.0013878611675411396	0.0036677046704939814	0.0015859282874591922	0.0009287559690707212	0.001853445489716915	0.0006844406189456837	0.0034480409317816205	0.004395299039191812	0.003421630108566065	0.003455485397538346	0.0008094616024386923	0.0038923938566228847	0.0002905087759427827	0.0029359965752427395	0.0004702460785635691	0.0008332672678226301	0.0	0.0005381466943783133	0.0026458448602154215	0.003641585845171689	0.004651460585323995	0.003800798074006628	0.0006822182418425528	0.0008837968446333902	0.0011750012025607682	0.004047742904545768	0.0007388978969790939	0.0005102177043413025	0.0013268939935987747	0.0010502077503714837	0.0004096617054842301	0.0025695500751102256	0.0036427790364012527	0.0013073813680281555	0.0031762491592684863	0.0012786398182954885	0.000801988093094517	0.0008422490652095632	0.0036259874706795446	0.000693687567730319	0.0007333881870006865	0.0007894421727918375	0.00036666941281384395	8.902230355164457e-05	0.000680993503504995	8.822846207475572e-05	0.0005341749201842579	0.0008637748057730331	0.0009297957926878062	0.0005327889274982495	0.0012205189230548954	0.0009283935777015216	0.001485496502252236	0.0007335596427628288	0.0006570169976726621	0.00015190445318055316	0.002020501328036689	0.0004062086016204272	0.0007789431668003132	0.0006618553246273882	0.0031850819136972934	0.0009503509236871061	0.00472669370239277	0.0031172196994349462	0.0011710460500250074	0.001995955003920813	0.001169642964519356	0.0008575319633575294	0.0009279038239609198	0.0011248752145943783	0.0004245903788213074	0.00022705647655437637	0.00040173937229095286	0.00016072589294271536	0.0006847337333091596	0.00046239820747224174	0.00016591814250492922	9.39278001411677e-05	7.100998552565773e-05	0.0011016163854367413	0.0009932684381778376	0.0004450042283182323	0.0003375345893704356	0.0010041388781664654	0.00044507676946083834	0.0006395480979850135	0.00041620951696508935	0.0010018217329623527	0.0004034718557491131	0.00014232299551816927	0.00045535541148663107	0.0017002740549764926	0.0009648171481849426	0.0001248436608382514	0.0005201651591968808	0.000534757944163249	8.977184450146202e-05	0.00010269104600091054	0.000715213667814256
