ADIG01	164909	0	0.3590603154559469	0.12690994922977125	0.23667170786677333	0.3528074202996862	0.1927353208410412	0.3621212903319562	0.16273421455840423	0.20444606461206086	0.09554952619008705	0.1201829215654412	0.3575589931154505	0.17397193664444288	0.4119200751028504	0.05407414901324675	0.37304105502677753	0.3570962943696679	0.4214890299192435	0.37359648338452783	0.10756011036418629	0.14018255023501816	0.2246593151995163	0.28523812109385915	0.36927766122307537	0.3505951980024251	0.3764106392452572	0.25224813533508134	0.42001919744756694	0.39860573228123286	0.34471809544925874	0.3252967924664507	0.3859009994093144	0.1045238311081627	0.12295193918801949	0.2993128118527132	0.08992885949491747	0.3021532266778042	0.42271856033751654	0.42393349170688355	0.08900433631083929	0.4270181244392522	0.35268646568260137	0.35437624435235693	0.3785767292583681	0.42145180251805103	0.35623003706030065	0.4205567010429546	0.37288655429927553	0.4031492858367548	0.3398141259301509	0.3782174322551831	0.3581742949448947	0.32435110339892964	0.2967482887828684	0.35555587547700634	0.3563479334226825	0.40777887368079463	0.17102154643636144	0.37468275867750367	0.35060368515409596	0.3606649490106161	0.08238230784188222	0.38409611313022884	0.26708863427244467	0.272437781336074	0.3317763227693287	0.3009310604811256	0.36716878984129775	0.34099088569418645	0.339483935598411	0.39167450346614613	0.3775423175054656	0.4169600228611227	0.38153415507930605	0.4176077777481159	0.4192184112542259	0.37868716608773845	0.4249047970550933	0.4238116542412087	0.4211355869891804	0.3838559178354121	0.38414816400721563	0.37743112339966745	0.41897755390060193	0.3877612451261597	0.37966908277948225	0.42147078493921436	0.3770003952209009	0.3792788304863319	0.383687980605455	0.4152037386679831	0.37737785449167743	0.3565338202498538	0.4271677759420437	0.41223191166223694	0.3776995630387658	0.3729173231336462	0.4140974798806679	0.417357120390364	0.4196374745025896
ADIG02	164910	0.3590603154559469	0	0.4504454560812912	0.18681720055699036	0.09538465937695301	0.19461347487847772	0.10826310943672408	0.41869700234597995	0.4934528972263164	0.44248257986977907	0.4293425923478492	0.12562493596547855	0.45121260144112096	0.1701927411048312	0.37129511167037005	0.12562493596547844	0.14765594486975425	0.17019274110483124	0.12562493596547852	0.28286811492733144	0.4530980480758013	0.4843300834220506	0.42679159811199596	0.12562493596547847	0.09068841705245836	0.03519873272195864	0.4589593722682438	0.07950432405237289	0.13525622219181108	0.09039352387497646	0.09663128769216821	0.12794205008046025	0.27873975206384655	0.4350783006345183	0.12059897629568427	0.3990879761791779	0.11920659386754312	0.07950432405237291	0.07950432405237291	0.43614895326190056	0.08552318489380821	0.09218635760864875	0.09111363704818355	0.12875101613301307	0.1701927411048312	0.10053128651574962	0.1701927411048313	0.1256249359654784	0.05049404079189685	0.0906884170524584	0.1288539217713085	0.10258166105615744	0.12376189748960964	0.11220325888977689	0.10142095633933013	0.11118776015365066	0.17019274110483124	0.2205862864464322	0.13052232704981825	0.09160918041282878	0.12476607365471482	0.39108890862531753	0.04521866358168279	0.4882490860844119	0.2916632660901731	0.10636146081177762	0.1756353987608728	0.038253449370603	0.11077047826246175	0.09068841705245842	0.05448113218963921	0.12671092983482735	0.17019274110483124	0.12679532846814226	0.17019274110483124	0.17019274110483126	0.12671395161198248	0.17019274110483124	0.1701927411048312	0.17019274110483118	0.036816554226043935	0.0424701100932561	0.12562493596547844	0.1828238960893722	0.0482646631875286	0.12562493596547844	0.17019274110483124	0.12667227118895752	0.06640997630209375	0.1256249359654784	0.17019274110483135	0.12562493596547855	0.06878172553022756	0.17593576528626603	0.17019274110483124	0.12615003788008863	0.1256249359654784	0.1701927411048312	0.17019274110483124	0.0821924306218227
ADIG03	164911	0.12690994922977125	0.4504454560812912	0	0.3264370995896619	0.44115025561252424	0.2907685001158336	0.4510944141066442	0.12376075063916378	0.13456451831651803	0.04895962111123735	0.06016993126001907	0.4518937192798286	0.08965657030858197	0.5099532543776427	0.1248907989147684	0.47107423430156986	0.45512947364446016	0.5195222091940358	0.47162966265932016	0.1794281071408219	0.09348891586007843	0.13657956970373794	0.23517274331477134	0.46731084049786775	0.4416173923709405	0.47444381852004963	0.1658525906649401	0.5180523767223592	0.4871432694177591	0.43563547247493123	0.41553738325231215	0.4839341786841067	0.18597322709437383	0.09959699636678244	0.3850289888336781	0.11132816727825225	0.38943111378699224	0.5207517396123088	0.5219666709816759	0.08692162451542035	0.5250513037140444	0.4450171547123347	0.44271907966519514	0.47660990853316043	0.5194849817928433	0.44816102136170494	0.518589880317747	0.47091973357406797	0.49370311932246724	0.4283962489321735	0.4762506115299754	0.447779012167918	0.41269393871176774	0.3704018929573985	0.44546296585038453	0.4464488099009044	0.505812052955587	0.25727645683943207	0.472715937952296	0.4406172380278563	0.44900778432345423	0.09025451606200706	0.48212929240502117	0.1477781085060501	0.2703361554226642	0.4192521080562705	0.3939550070916754	0.45877409177808975	0.4305479484840841	0.4278267709112491	0.48970768274093845	0.4755754967802579	0.514993202135915	0.47956733435409843	0.5156409570229082	0.5172515905290184	0.4767203453625308	0.5229379763298857	0.521844833516001	0.5191687662639728	0.4818890971102045	0.482181343282008	0.47546430267445977	0.5170107331753943	0.4874152657238198	0.4777022620542745	0.5195039642140068	0.4750335744956932	0.4773120097611242	0.48172115988024733	0.5132369179427754	0.4754110337664697	0.4468878684160623	0.5252009552168361	0.5102650909370293	0.4757327423135581	0.4709505024084385	0.5121306591554602	0.5153902996651561	0.5176706537773819
ADIG04	164912	0.23667170786677333	0.18681720055699036	0.3264370995896619	0	0.18056430540072968	0.12606794370204322	0.18987817543299973	0.30282922789234323	0.39529958837066825	0.3036132429731216	0.2863646595581226	0.15513688021972752	0.34989331469500046	0.2113884799403217	0.23007954324056953	0.17250945986424884	0.16141604485205754	0.22095743475671484	0.1730648882219991	0.1946148867275531	0.31455482683909664	0.3900745792092095	0.37706724835320177	0.16874606606054676	0.17835208310346862	0.17587904408272856	0.41368106467755933	0.21948760228503825	0.22636261738227637	0.18980585915814535	0.1530536775674942	0.1853694042467857	0.19920020910533898	0.30926143022457686	0.1335612105226958	0.2628393373684271	0.13437505719475185	0.22218696517498784	0.22340189654435494	0.2974122861937193	0.22648652927672347	0.1804433507836449	0.18213312945340046	0.1780451340958394	0.2209202073555223	0.18398692216134419	0.22002510588042595	0.17235495913674687	0.23090617093779833	0.16676792463961798	0.17878425587641558	0.19521064174298386	0.15210798849997317	0.12118169582936182	0.1833127605780499	0.18410481852372604	0.2072472785182659	0.18275275171094227	0.17415116351497506	0.17836057025513943	0.1884218341116596	0.2653332975787749	0.18356451796770012	0.4194988385671865	0.2795327090948659	0.15866615784447588	0.2205719423758652	0.19492567494234136	0.16874777079522996	0.16724082069945456	0.19381833814163857	0.17701072234293688	0.21642842769859402	0.1810025599167774	0.21707618258558728	0.2186868160916973	0.1781555709252098	0.22437320189256466	0.22328005907868	0.22060399182665175	0.1833243226728835	0.18378839387166043	0.17689952823713875	0.2184459587380732	0.19686807107335919	0.17913748761695356	0.22093918977668572	0.17646880005837232	0.18261346487455452	0.18315638544292634	0.21467214350545447	0.17684625932914882	0.2358927676217675	0.23024863793888098	0.21170031649970827	0.1771679678762372	0.17238572797111748	0.2135658847181393	0.21682552522783535	0.21966341888744187
ADIG05	164913	0.3528074202996862	0.09538465937695301	0.44115025561252424	0.18056430540072968	0	0.24091680388320277	0.052195942134505235	0.411159364186464	0.48720000207005587	0.43622968471351836	0.4230896971915886	0.03988856069334397	0.44494374363018624	0.0836953531752629	0.36504221651410934	0.06326775970298068	0.056434657861074926	0.08467243952222459	0.041687245361509036	0.3130435687711885	0.44684515291954074	0.47425012921635307	0.4205387029557353	0.03876357796245696	0.011059928980139213	0.10365036473225339	0.4488794180625464	0.13639160684457077	0.04816214753976576	0.11074940402168351	0.027510627833235497	0.0525936768728291	0.30972320604458353	0.42882540547825765	0.06042738942992477	0.39283508102291714	0.058988386699102315	0.1368734905403363	0.135960039549849	0.4298960581056398	0.14561998094949327	0.04253822092889921	0.0323090344654888	0.08133709820104991	0.09396241372544539	0.05410983496846608	0.09501066350868362	0.047264522737300765	0.13607075957051212	0.027800199208190747	0.05147177360528529	0.056048223262520354	0.0691855767489953	0.07768160127898725	0.05005790566944295	0.06337719700301615	0.08446555617688675	0.2303559291806234	0.07343596757829668	0.03855291747874458	0.07206188050289031	0.3821957482671098	0.12979575258128165	0.47880259864975094	0.31027641169995934	0.034475948008103524	0.19234010460636294	0.12135639777646688	0.04936181439240046	0.032360974537734156	0.14516954924209757	0.061976178684437604	0.08299506978297282	0.05636974580563468	0.08489897543399394	0.13943753483935725	0.04618993630759196	0.08856119386705266	0.08760609245520148	0.0867154616106365	0.11346901489499296	0.12455098301760399	0.05460332926796236	0.09387463899342088	0.13282739391213547	0.05449673397977657	0.13751249895142262	0.06575747224488294	0.15520542720394925	0.05624994277750983	0.08299506978297293	0.056756512164120525	0.12761288483440758	0.15024100682716082	0.085448433315879	0.03996605798643985	0.04519069156555541	0.08752904902357518	0.08510566401860742	0.14766365534899073
ADIG06	164914	0.1927353208410412	0.19461347487847772	0.2907685001158336	0.12606794370204322	0.24091680388320277	0	0.2502306739154728	0.25992769808714145	0.3448265092355114	0.27523284318025215	0.26924471925701216	0.21928392249230996	0.2994202355598435	0.2717409784227948	0.20863988649019172	0.23375595566395854	0.21691719768961235	0.28130993323918796	0.2334173867044722	0.1514468470985447	0.289017371426962	0.3396015000740527	0.3704988821131249	0.22909856454301988	0.2387045815859417	0.18367531840421594	0.37774654306768646	0.2272838766065256	0.2867151158647494	0.1802712548717897	0.21341678169289544	0.2457219027292588	0.11937884608226496	0.26972326462167584	0.1899935129416596	0.23877721114216544	0.19216663631823586	0.2299832394964752	0.2311981708658423	0.2760514981963928	0.23428280359821083	0.24079584926611797	0.24248562793587358	0.23839763257831245	0.28127270583799546	0.2443394206438173	0.280377604362899	0.23270745761921993	0.23870244525928574	0.22982753557058255	0.23803833557512752	0.25310426377629475	0.21246048698244627	0.19814277469355784	0.24366525906052294	0.24445731700619908	0.267599777000739	0.10273202209073762	0.23450366199744813	0.2387130687376125	0.24877433259413273	0.23141195265985984	0.1913607922891875	0.37775081759378365	0.2444060357306429	0.22178973240976035	0.17664078599932403	0.20272194926382872	0.2297442613219569	0.22759331918192766	0.1991557360139638	0.23736322082540992	0.2767809261810671	0.2413550583992505	0.27742868106806035	0.27903931457417047	0.23850806940768293	0.28472570037503775	0.2836325575611531	0.2809564903091248	0.19112059699437087	0.19141284316617443	0.23725202671961185	0.2787984572205463	0.2022054689456844	0.23948998609942668	0.2812916882591588	0.2368212985408454	0.18795086274687975	0.2435088839253994	0.27502464198792753	0.23719875781162186	0.22992157492489523	0.2881422599721919	0.2720528149821814	0.23752046635871024	0.2327382264535906	0.2739183832006124	0.27717802371030836	0.22690215366154826
ADIG07	164915	0.3621212903319562	0.10826310943672408	0.4510944141066442	0.18987817543299973	0.052195942134505235	0.2502306739154728	0	0.42047323421873406	0.4965138721023259	0.4455435547457883	0.4324035672238586	0.08498973709610334	0.45425761366245615	0.1160577888578328	0.3743560865463793	0.04541681074594203	0.1072155577967998	0.08224751546903881	0.06190674904120896	0.3223574388034584	0.4561590229518106	0.4849790414474035	0.4298525729880053	0.08015912840194597	0.05121978551619418	0.14267603287872785	0.45960833029359677	0.1545496254607649	0.08207664962780345	0.11924448988830336	0.0664637305409836	0.048056313634443605	0.31903707607685355	0.43813927551052756	0.08009720997747126	0.4021489510551872	0.07802402152175493	0.16443705286295854	0.1699873671967227	0.4392099281379098	0.1400479726823211	0.023721485823002663	0.024322684219045678	0.05017897675837324	0.08687937734740389	0.014262510353447024	0.08766892962107993	0.05783145693964366	0.10166061105823776	0.040337306038198635	0.07122003079327652	0.06250372818572583	0.04041560568869039	0.1273659344233862	0.010346593076334506	0.016954611777784567	0.08077537765394757	0.23966979921289344	0.04017022189997805	0.02583061610374083	0.023602987612425342	0.3917378666506703	0.10333373050250606	0.48889804410976473	0.32100532393100967	0.06350905688816676	0.2016539746386329	0.08171763366099095	0.02759474912311394	0.03970206514004722	0.15667767848213143	0.04166328394635942	0.09676703946102871	0.04387909744862579	0.09425919084104874	0.14424654302987094	0.049042046497793666	0.09554653281077613	0.08518116840201574	0.08283418539894222	0.12704186307304938	0.11579121121642948	0.041363370284544135	0.1430480611440176	0.12196912257224553	0.037359006707209624	0.15034938760803293	0.04666171003150129	0.11232335510171393	0.04427043493547647	0.08076124341854223	0.046929246429359174	0.17213351098028806	0.15552771926785294	0.08302350926269324	0.05412092239594464	0.05954929314912163	0.08413453058413602	0.08268073996542163	0.14369284804921154
ADIG08	164916	0.16273421455840423	0.41869700234597995	0.12376075063916378	0.30282922789234323	0.411159364186464	0.25992769808714145	0.42047323421873406	0	0.18187134569473806	0.11699160060431175	0.09205105704930296	0.42014526554451714	0.11839268644275791	0.47820480064233134	0.12853109759385242	0.43932578056625854	0.42338101990914895	0.48777375545872453	0.4398812089240088	0.18634061276640274	0.08493387124211972	0.20826964509968543	0.2471295100876827	0.4355623867625564	0.4098689386356291	0.4426953647847382	0.20509062206530315	0.48630392298704783	0.45695767616801075	0.4038870187396201	0.38378892951700083	0.4521857249487954	0.15214692648172853	0.1314663144220162	0.3540241992004995	0.12601200052066724	0.357682660051681	0.48900328587699743	0.49021821724636455	0.12422095939758751	0.49330284997873314	0.4132687009770235	0.4127281882391349	0.4448614547978491	0.4877365280575319	0.4164125676263935	0.48684142658243557	0.43917127983875653	0.46195466558715614	0.39736298342535237	0.44450215779466407	0.42425447578617503	0.38270304728570753	0.34335967882619023	0.4139078193637841	0.41470035616559325	0.4740635992202757	0.23244036696580614	0.4409674842169846	0.4089556290408738	0.41901689289739397	0.11521594590488242	0.45038083866970985	0.21738083558258808	0.2757134052206687	0.3892612166302103	0.3686729084006816	0.42702563804277843	0.3993428295809644	0.39783587948518895	0.4590834341011052	0.44382704304494647	0.48324474840060366	0.44781888061878694	0.4838925032875969	0.48550313679370705	0.44497189162721945	0.49118952259457427	0.49009637978068965	0.48742031252866136	0.450140643374893	0.45043288954669664	0.4437158489391484	0.48526227944008277	0.4621331670328258	0.44595380831896325	0.4877555104786953	0.4432851207603818	0.44787856083402106	0.449972706144936	0.48148846420746394	0.44366258003115827	0.415139414680751	0.49551373389834763	0.478516637201718	0.44398428857824673	0.4392020486731271	0.480382205420149	0.48364184592984505	0.4859222000420705
ADIG09	164917	0.20444606461206086	0.4934528972263164	0.13456451831651803	0.39529958837066825	0.48720000207005587	0.3448265092355114	0.4965138721023259	0.18187134569473806	0	0.15301358650838398	0.15736888741086688	0.4937822447496498	0.15589142897189306	0.5518417798474639	0.19743292763209638	0.5129627597713909	0.49701799911428124	0.5614107346638568	0.5135181881291413	0.2515925226802699	0.13001921631424895	0.11188863840176773	0.22161517060152938	0.5091993659676889	0.4849877797727949	0.5163323439898706	0.18493727881070585	0.5599409021921803	0.5329983140516025	0.47911067721962836	0.4596893742368204	0.5258227041539277	0.2502103835975197	0.17990841536328547	0.4300648370840914	0.18592368990555633	0.4326029679729782	0.5626402650821299	0.5638551964514968	0.12731461258977012	0.5669398291838655	0.4870790474529711	0.48876882612272676	0.5184984340029815	0.5613735072626644	0.4906226188306703	0.560478405787568	0.5128082590438889	0.5375418676071244	0.4734036213089442	0.5181391369997965	0.4625950738835935	0.45874368516929936	0.41124709455146036	0.48994845724737596	0.4907405151930521	0.547700578425408	0.30719494849958534	0.5146044634221171	0.48499626692446557	0.4950575307809857	0.1829132914207003	0.5240178178748423	0.1221459513548931	0.3091569501270833	0.465301854513802	0.4064827897438954	0.5015613716116674	0.4753834674645562	0.4738765173687806	0.5315962082107595	0.5174640222500789	0.5568817276057362	0.5214558598239194	0.5575294824927294	0.5591401159988395	0.518608870832352	0.5648265017997068	0.5637333589858221	0.5610572917337937	0.5237776225800254	0.524069868751829	0.517352828144281	0.5588992586452152	0.5276829498707731	0.5195907875240956	0.5613924896838279	0.5169220999655144	0.5192005352309453	0.5236096853500685	0.5551254434125965	0.5172995592362909	0.4909264020202234	0.567089480686657	0.5521536164068503	0.5176212677833792	0.5128390278782595	0.5540191846252814	0.5572788251349774	0.559559179247203
ADIG10	164918	0.09554952619008705	0.44248257986977907	0.04895962111123735	0.3036132429731216	0.43622968471351836	0.27523284318025215	0.4455435547457883	0.11699160060431175	0.15301358650838398	0	0.03678540486144559	0.44077548189103627	0.12284797866890322	0.49441759744206126	0.0966528979131119	0.4555385773659884	0.43959381670887876	0.5039865522584545	0.4560940057237386	0.17059943583337855	0.08690030314475998	0.17959946828349854	0.2410961984562413	0.4517751835622863	0.43401746241625727	0.45890816158446807	0.2007360182801795	0.5025167197867777	0.482027996695065	0.428140359863091	0.408719056880283	0.4683985217485253	0.17438560355656194	0.07492205396954292	0.3834540427029204	0.08727009321703261	0.3862944575280115	0.5052160826767272	0.5064310140460945	0.06886286386759174	0.509515646778463	0.4361087300964336	0.4377985087661892	0.46107425159757887	0.5039493248572618	0.4396523014741329	0.5030542233821653	0.45538407663848646	0.486571550250587	0.4239553567803581	0.4607149545943938	0.441596559358727	0.40777336781276186	0.36944826608598763	0.4389781398908386	0.43977019783651466	0.49027639602000544	0.25037870729630957	0.45718028101671443	0.43402594956792817	0.44408721342444823	0.1110954360490851	0.4665936354694396	0.18554226149485809	0.3129119384433983	0.41591755361953586	0.38518042889416126	0.45059105425513	0.4244131501080187	0.42290620001224316	0.4741720258053569	0.4600398398446764	0.4994575452003336	0.4640316774185169	0.5001053000873268	0.5017159335934369	0.4611846884269494	0.5074023193943041	0.5063091765804195	0.5036331093283913	0.46635344017462294	0.46664568634642656	0.45992864573887837	0.5014750762398127	0.47025876746537054	0.4621666051186931	0.5039683072784252	0.4594979175601117	0.46177635282554286	0.4661855029446659	0.4977012610071939	0.4598753768308883	0.43995608466368596	0.5096652982812544	0.49472943400144775	0.4601970853779767	0.455414845472857	0.49659500221987884	0.4998546427295748	0.5021349968418004
ADIG11	164919	0.1201829215654412	0.4293425923478492	0.06016993126001907	0.2863646595581226	0.4230896971915886	0.26924471925701216	0.4324035672238586	0.09205105704930296	0.15736888741086688	0.03678540486144559	0	0.4312956863567675	0.13309518605709983	0.4884294735188213	0.11011072126363751	0.4495504534427484	0.4336056927856387	0.4979984283352144	0.4501058818004987	0.1855250213950571	0.09700273337996279	0.1882649018734248	0.22428772659229199	0.4457870596390463	0.42087747489432753	0.4529200376612282	0.18001429399888202	0.4965285958635378	0.4688880091731354	0.41500037234116116	0.3955790693583531	0.46241039782528526	0.1637454238512058	0.10164501655133802	0.3668223835699619	0.09567033318643674	0.3696627983950529	0.4992279587534872	0.5004428901228545	0.07661509902831648	0.5035275228552228	0.42349337385351327	0.42465852124425946	0.455086127674339	0.49796120093402185	0.4266372405028835	0.49706609945892544	0.44939595271524646	0.47343156272865716	0.4092933164304768	0.45472683067115394	0.4284565718367971	0.39463338029083206	0.3523197946601451	0.4258381523689087	0.4266302103145849	0.4842882720967654	0.2357526759806106	0.45119215709347454	0.4208859620459984	0.4309472259025185	0.08550234408695807	0.4606055115461997	0.17311430965731522	0.29108679816693944	0.40119154963533477	0.3715436290793476	0.4374510667332002	0.4112731625860888	0.4097662124903134	0.4681839018821169	0.45405171592143634	0.49346942127709353	0.45804355349527687	0.4941171761640868	0.4957278096701968	0.4551965645037093	0.5014141954710641	0.5003210526571795	0.49764498540515134	0.46036531625138294	0.4606575624231864	0.4539405218156382	0.49548695231657264	0.46427064354213055	0.45617848119545307	0.4979801833551852	0.45350979363687177	0.45578822890230275	0.4601973790214259	0.4917131370839539	0.45388725290764825	0.4268160971417562	0.5036771743580146	0.4887413100782078	0.4542089614547367	0.4494267215496171	0.49060687829663885	0.4938665188063348	0.49614687291856036
ADIG12	164920	0.3575589931154505	0.12562493596547855	0.4518937192798286	0.15513688021972752	0.03988856069334397	0.21928392249230996	0.08498973709610334	0.42014526554451714	0.4937822447496498	0.44077548189103627	0.4312956863567675	0	0.4526608646396584	0.06469676768647234	0.37072420492934555	0.0506581733644214	0.03357463728184616	0.0770358447857653	0.02997995279595865	0.31821119477708165	0.45014259059095696	0.48577834662058805	0.4237938191424233	0.018481600498468007	0.03743092091397357	0.09441036261217374	0.46040763546678126	0.12765365383717187	0.08105959202433796	0.13526141845882816	0.041948209551917665	0.04916391880163761	0.3144339140372858	0.43520080165561703	0.06692262701757312	0.3986240484625481	0.06246260549283641	0.13083490042288698	0.13113638080176676	0.43717671736038777	0.14219022287830177	0.07185349601836709	0.06620487839878997	0.0737408169875472	0.08553208305764372	0.0839457694033479	0.0852670120159547	0.035625418402126484	0.16728384482108566	0.04638552778976605	0.04400353897444571	0.08971877035524715	0.08278596795934534	0.08947064227126635	0.07960091325826689	0.09504323926108026	0.06197945229861968	0.2405383346762148	0.06246808489046352	0.06810254819568011	0.10514175068055628	0.39253717182385484	0.12524101177920322	0.4896973492829492	0.3218046291041941	0.04400646954160558	0.21555374810247016	0.151518014575961	0.06759362559661393	0.05324632699683741	0.14516954924209763	0.05311817427405432	0.06591941095121286	0.05136162929171028	0.07158809259046892	0.12989879563861748	0.038216946744040144	0.08470884046718022	0.08135560568927368	0.07909389814485115	0.10891427409291453	0.11999624221552553	0.046383811302292965	0.0886497832411355	0.12827265311005703	0.04831359089019486	0.13022613343567127	0.05710722610044702	0.14883361632494435	0.05084885575827889	0.06647439753919435	0.048483725290461056	0.16381905494503743	0.14681124875596932	0.06829699566253121	0.031599361161921594	0.033582356064751746	0.0728693784492774	0.07154412381733044	0.13741899666572757
ADIG13	164921	0.17397193664444288	0.45121260144112096	0.08965657030858197	0.34989331469500046	0.44494374363018624	0.2994202355598435	0.45425761366245615	0.11839268644275791	0.15589142897189306	0.12284797866890322	0.13309518605709983	0.4526608646396584	0	0.5107203997374724	0.13464244011855442	0.4718413796613996	0.4558966190042899	0.5202893545538656	0.4723968080191499	0.2006005136671032	0.07840561511061336	0.10688199221409812	0.249688513383384	0.46807798585769744	0.4427315213329251	0.4752109638798792	0.22131894710155306	0.518819522082189	0.49074205561173284	0.4368544187797589	0.41743311579695075	0.48470132404393645	0.1964597850866153	0.10985374087510491	0.3878085786442217	0.1393523163238303	0.3903467095331085	0.5215188849721385	0.5227338163415056	0.09867810254158385	0.5258184490738742	0.44578430007216446	0.44651256768285696	0.47737705389299007	0.520252127152673	0.44892816672153457	0.5193570256775766	0.4716868789338976	0.49528560916725484	0.43114736286907446	0.4770177568898051	0.42257611358692104	0.41648742672942973	0.37582152098678845	0.44769219880750644	0.4484842567531825	0.5065791983154165	0.2611113761243778	0.47348308331212574	0.442740008484596	0.45280127234111606	0.1343355137045597	0.4828964377648509	0.17319083930311488	0.26450025804766	0.4230455960739324	0.366888814651042	0.4595412371379195	0.43312720902468654	0.4316202589289111	0.4904748281007682	0.47634264214008765	0.5157603474957446	0.4803344797139282	0.5164081023827379	0.518018735888848	0.4774874907223605	0.5237051216897154	0.5226119788758308	0.5199359116238025	0.4826562424700341	0.4829484886418377	0.4762314480342895	0.5177778785352238	0.48875054597387335	0.4784694074141044	0.5202711095738365	0.475800719855523	0.47807915512095395	0.4824883052400771	0.5140040633026052	0.47617817912629956	0.44867014358035384	0.5259681005766657	0.5110322362968591	0.4764998876733879	0.4717176477682683	0.51289780451529	0.5161574450249861	0.5184377991372116
ADIG14	164922	0.4119200751028504	0.1701927411048312	0.5099532543776427	0.2113884799403217	0.0836953531752629	0.2717409784227948	0.1160577888578328	0.47820480064233134	0.5518417798474639	0.49441759744206126	0.4884294735188213	0.06469676768647234	0.5107203997374724	0	0.4278246407520009	0.0872199706171564	0.05672328926986708	0.059295529794651886	0.05845032376027217	0.37627072987489574	0.5082021256887711	0.543837881718402	0.4818533542402375	0.05086812520837081	0.08045775193057253	0.1388458846319255	0.5184671705645953	0.10713665152593856	0.037784122401838316	0.17668996705422396	0.0944158711253306	0.07486983973690677	0.37121050600984073	0.48890801888348506	0.1289167733802149	0.4566835835603622	0.1256137765849652	0.10288121529236334	0.10428215650331409	0.49523625245820174	0.12261963671369633	0.10324212374385566	0.09749362194574619	0.10459609810485786	0.07267824146097242	0.11446184794038297	0.07241317041928341	0.0690487756463777	0.15443000322441436	0.08816520412542662	0.06054292278882002	0.12645756584387818	0.12136474685229448	0.1472693537810362	0.11329538425619551	0.12628649827080396	0.04836438463455178	0.29567500565757115	0.09637752216944698	0.10112891217467594	0.13685529907858857	0.4505967069216688	0.15598523671830467	0.5477568843807634	0.37986416420200825	0.10320147338506995	0.26049732265650993	0.17859303506626464	0.10105893538620574	0.0874347899454471	0.18588475313717437	0.08374614394738693	0.02259886818680086	0.08190520033172802	0.023002220275515056	0.10427524854483536	0.0688418946402176	0.02392074458033787	0.043839504808671985	0.043201308714773255	0.1391425558552623	0.14862114356180117	0.07892522832879979	0.040327420050942184	0.1584274605100269	0.08181835816154458	0.09526432031251351	0.09099917570741095	0.18104023054266108	0.08307285219927599	0.03742799119500882	0.0811711038216903	0.17961907235461935	0.12689144315420997	0.03613041011554242	0.06371533608445709	0.06330059466757203	0.04445673385809094	0.03927865544765481	0.12456515506905626
ADIG15	164923	0.05407414901324675	0.37129511167037005	0.1248907989147684	0.23007954324056953	0.36504221651410934	0.20863988649019172	0.3743560865463793	0.12853109759385242	0.19743292763209638	0.0966528979131119	0.11011072126363751	0.37072420492934555	0.13464244011855442	0.4278246407520009	0	0.388945620675928	0.37300086001881844	0.43739359556839397	0.3895010490336784	0.09674870585496692	0.10735645672385487	0.1911086453958308	0.28166432040911343	0.385182226872226	0.36282999421684825	0.39231520489440774	0.2571354560796888	0.4359237630967174	0.41084052849565594	0.356952891663682	0.3375315886808739	0.4018055650584649	0.09432501728782022	0.11757633528283988	0.3088082542318809	0.0720248859458876	0.31164866905697186	0.438623125986667	0.4398380573560341	0.08099420761202643	0.44292269008840257	0.3649212618970246	0.36661104056678023	0.3944812949075186	0.4373563681672015	0.3684648332747238	0.43646126669210505	0.3887911199484261	0.41538408205117794	0.35124583575299767	0.3941219979043336	0.3704090911593179	0.3365858996133529	0.2942026326396199	0.36779067169142954	0.36858272963710564	0.4236834393299451	0.178491742159197	0.3905873243266542	0.3628384813685191	0.3728997452250392	0.07713044224823441	0.40000067877937934	0.2604321127531088	0.2615613082381852	0.3431440689578556	0.31316585669554886	0.37940358605572105	0.3532256819086097	0.3517187318128342	0.40757906911529657	0.393446883154616	0.4328645885102732	0.3974387207284566	0.4335123433972664	0.43512297690337653	0.394591731736889	0.4408093627042438	0.4397162198903592	0.4370401526383309	0.3997604834845626	0.40005272965636623	0.39333568904881794	0.4348821195497524	0.40366581077531033	0.39557364842863274	0.43737535058836485	0.3929049608700515	0.3951833961354824	0.39959254625460555	0.4311083043171336	0.3932824201408279	0.368768616464277	0.44307234159119424	0.42813647731138743	0.3936041286879164	0.38882188878279667	0.4300020455298184	0.4332616860395145	0.4355420401517401
ADIG16	164924	0.37304105502677753	0.12562493596547844	0.47107423430156986	0.17250945986424884	0.06326775970298068	0.23375595566395854	0.04541681074594203	0.43932578056625854	0.5129627597713909	0.4555385773659884	0.4495504534427484	0.0506581733644214	0.4718413796613996	0.0872199706171564	0.388945620675928	0	0.07478660474420123	0.049415638849406314	0.028769646856884212	0.3373917097988229	0.46932310561269813	0.5049588616423291	0.4429743341641647	0.048159589291716653	0.054706568198354795	0.10466531351090057	0.4795881504885224	0.12335017743159395	0.09434078921411447	0.14328298802678505	0.0624276608566576	0.018104901856544574	0.3323314859337678	0.45002899880741215	0.09672587389230289	0.4178045634842894	0.0934228770970532	0.13301758759935473	0.14069628429297323	0.45635723238212894	0.10632142476562362	0.03399097050863112	0.042201413141872084	0.023253485526959633	0.049415638849406286	0.034502535922739844	0.04941563884940638	0.01993054212700314	0.1250333780259039	0.050183508679108424	0.03486753799830418	0.08187476633866914	0.06752480554148038	0.12231463147311518	0.04207581779148169	0.044385065896658873	0.04941563884940631	0.2567959855814983	0.018067156695031634	0.03722154397419674	0.06300094827929838	0.4117176868455962	0.0844395811868113	0.5088778643046905	0.34224069513111016	0.07490040526360875	0.22487285373113836	0.11834007277069825	0.053525098826361195	0.051485822864878475	0.14516954924209755	0.008948862749724605	0.06843840692388733	0.008493100052528587	0.06421775034164136	0.11000116700591347	0.01837807597693877	0.06691864923690301	0.05077059921443118	0.04941563884940627	0.09961465652111301	0.08854628011767042	0.008664430435018335	0.11289977899478931	0.09506391233895758	0.00897261022693127	0.11802904747201007	0.007344372821301232	0.09975603632880393	0.010646925578677491	0.05169244270336612	0.008845436432170697	0.18029422790002286	0.12384189381430588	0.05108956050161397	0.02516229428892631	0.02393793110660154	0.04941563884940627	0.04941563884940631	0.10729594052980458
ADIG17	164925	0.3570962943696679	0.14765594486975425	0.45512947364446016	0.16141604485205754	0.056434657861074926	0.21691719768961235	0.1072155577967998	0.42338101990914895	0.49701799911428124	0.43959381670887876	0.4336056927856387	0.03357463728184616	0.4558966190042899	0.05672328926986708	0.37300086001881844	0.07478660474420123	0	0.09437519209201961	0.04804137846588782	0.3214469491417132	0.45337834495558843	0.48901410098521947	0.427029573507055	0.028941431838586447	0.05931951427583189	0.11663618331287016	0.4636433898314129	0.14221631382330627	0.07637367208776091	0.15278002077551928	0.05568022865671403	0.06769881100990353	0.31638672527665823	0.43408423815030256	0.0721934841103478	0.40185980282717976	0.0688904873150981	0.13796087758973105	0.13624057467786946	0.4404124717250193	0.15769929901106405	0.09407931671906351	0.08843069909948642	0.09596663768824364	0.10775790375834013	0.10617159010404437	0.10749283271665112	0.05661540977342256	0.1895096655217821	0.0723270743008008	0.048109556915864875	0.11194459105594355	0.10163645049549741	0.10570044533794025	0.10182673395896331	0.11726905996177671	0.07740333697317912	0.24085122492438862	0.08469390559115995	0.09032836889637655	0.12736757138125274	0.3957729261884864	0.14746683247989964	0.4929331036475809	0.32504038346882574	0.05871729734215424	0.21555374810247008	0.1737438352766575	0.0886255695132506	0.07547214769753384	0.1612260086338649	0.07534399497475074	0.06010152477736515	0.07358744999240671	0.06686895244074871	0.13935491084220306	0.06044276744473657	0.08002292053060317	0.07891916710603969	0.07828097101214096	0.13114009479361097	0.14222206291622197	0.06860963200298938	0.07113789652359676	0.15049847381075346	0.07053941159089129	0.13034398260988123	0.07933304680114346	0.17105943702564078	0.07307467645897532	0.07060814495569195	0.07070954599115749	0.13690731430776387	0.1619711054515777	0.07121007241291014	0.05309463540085514	0.052445928403513135	0.07953639615545864	0.07435831774502254	0.159644817366424
ADIG18	164926	0.4214890299192435	0.17019274110483124	0.5195222091940358	0.22095743475671484	0.08467243952222459	0.28130993323918796	0.08224751546903881	0.48777375545872453	0.5614107346638568	0.5039865522584545	0.4979984283352144	0.0770358447857653	0.5202893545538656	0.059295529794651886	0.43739359556839397	0.049415638849406314	0.09437519209201961	0	0.04830218964960697	0.3858396846912889	0.5177710805051642	0.5534068365347953	0.4914223090566307	0.06731876269716576	0.08258801520534886	0.13889775580262584	0.5280361253809885	0.0986351064098679	0.06738401234855025	0.18374387266524067	0.10398482594172376	0.042250691024371	0.3807794608262338	0.4984769736998782	0.13946281454356968	0.46625253837675534	0.13615981774831998	0.10975206423033446	0.11651730993346571	0.5048052072745949	0.08777147719107387	0.07823343983079104	0.08259316987900715	0.04530056831020595	0.013419939067513036	0.07776059537066658	0.014099714650014233	0.048602475619968	0.12219833425117	0.09112596026186237	0.061984767659489626	0.1264575658438782	0.10884340077608204	0.15683830859742934	0.08296288175958627	0.08031788366653748	0.019325204696933405	0.30524396047396424	0.04680627124173977	0.08218831224027136	0.08478770702071399	0.46016566173806206	0.12803764772258408	0.5573258391971565	0.38943311901840133	0.1149415508650603	0.26884876432823795	0.15636285334953837	0.09361377883605038	0.09258106550275515	0.1858847531371744	0.04394671241377798	0.04051396610138283	0.04339741263668896	0.03651984543090619	0.08833202397897393	0.04347878949284874	0.043047780895728895	0.020712302240921996	0.018505717369027605	0.1391425558552623	0.13002502306061736	0.04539525862317813	0.08627478586533496	0.13807256133559875	0.04733569521498266	0.09443486855713593	0.046745791203635145	0.14481649214319198	0.04507783803766843	0.023768001880861606	0.045541220127900406	0.20405049736352426	0.10529194623975609	0.023941113472763884	0.046677449327931234	0.04857170678559737	0.01806387963864861	0.020450098843379897	0.09385776935395404
ADIG19	164927	0.37359648338452783	0.12562493596547852	0.47162966265932016	0.1730648882219991	0.041687245361509036	0.2334173867044722	0.06190674904120896	0.4398812089240088	0.5135181881291413	0.4560940057237386	0.4501058818004987	0.02997995279595865	0.4723968080191499	0.05845032376027217	0.3895010490336784	0.028769646856884212	0.04804137846588782	0.04830218964960697	0	0.3379471381565732	0.4698785339704485	0.5055142900000795	0.44352976252191495	0.020984949071033997	0.03702008532973418	0.09381936512863953	0.4801435788462728	0.09862007521070322	0.0689427452571342	0.13991138512688117	0.05609227940700805	0.019657432544015706	0.3328869142915181	0.4505844271651624	0.09281656566865429	0.41835999184203965	0.0895135688734046	0.11072498180708094	0.11840367850069947	0.4569126607398793	0.11221027008234315	0.046037938253175696	0.04038932063359858	0.04792525922235582	0.05971652529245232	0.058130211638156515	0.059451454250763314	0.010598451886105519	0.14146828705589432	0.044232886705582335	0.017218238431412458	0.08187476633866918	0.07082564928381609	0.1089457620627136	0.056041572541019775	0.06922768149588887	0.047737211301294255	0.25735141393924854	0.03820733149547273	0.04267858841440375	0.08337882729712945	0.4122731152033464	0.09942545401401183	0.5094332926624409	0.34154057248368563	0.06788565887525365	0.22150125083123454	0.12570245681076964	0.04842733605781857	0.045203180337104555	0.14516954924209757	0.027894176666841297	0.04548860759175203	0.025546071526518898	0.045488607591752044	0.09991884284265887	0.01286470254341529	0.055585071856446996	0.05190252612985748	0.05018059895701842	0.0964547860289333	0.09418068445033416	0.020568253537101573	0.08550584538425626	0.10245709534486563	0.025591418408034347	0.10024618063971262	0.03254885194713877	0.12301805855975294	0.025033297993087497	0.04548860759175215	0.02272078006141813	0.15965465991427016	0.11683129596001067	0.04564052604676132	0.008934300697956277	0.005083710188506873	0.04787703674893063	0.045488607591752044	0.11160343890053619
ADIG20	164928	0.10756011036418629	0.28286811492733144	0.1794281071408219	0.1946148867275531	0.3130435687711885	0.1514468470985447	0.3223574388034584	0.18634061276640274	0.2515925226802699	0.17059943583337855	0.1855250213950571	0.31821119477708165	0.2006005136671032	0.37627072987489574	0.09674870585496692	0.3373917097988229	0.3214469491417132	0.3858396846912889	0.3379471381565732	0	0.1714129170279691	0.24542592133974744	0.3034085305434818	0.33362831599512077	0.31083134647392735	0.3043329450171849	0.308746275797186	0.34794150321949446	0.3588418807527351	0.2685258949206433	0.28553294093795295	0.3502516541813597	0.056107542963940056	0.16665050878005339	0.25590840378522395	0.12012873086780533	0.2584465346741108	0.35064086610944406	0.3518557974788112	0.15630233209781594	0.3549404302111797	0.31292261415410366	0.3146123928238593	0.3429273840304134	0.3858024572900963	0.31646618553180306	0.38490735581499996	0.3372372090713209	0.32695708530813933	0.2992471880100768	0.3425680870272284	0.3264132425038787	0.28458725187043193	0.24727123898574951	0.31579202394850875	0.31658408189418485	0.3721295284528399	0.09188272208988767	0.33903341344954907	0.3108398336255981	0.3209010974821183	0.14258992826093123	0.3120184189021564	0.30874795620493567	0.22813090390924773	0.29114542121493464	0.23429759456788202	0.29097658931268244	0.3012270341656888	0.2997200840699133	0.320995576466531	0.34189297227751086	0.381310677633168	0.3458848098513514	0.38195843252016126	0.38356906602627133	0.3430378208597838	0.3892554518271387	0.388162309013254	0.38548624176122576	0.3117782236073398	0.31207046977914327	0.34178177817171274	0.3833282086726472	0.3240453093982516	0.34401973755152754	0.38582143971125965	0.3413510499929463	0.30979070319944696	0.34803863537750035	0.37955439344002845	0.34172850926372283	0.2803416197212384	0.39385422526389113	0.3765825664342823	0.3420502178108112	0.33726797790569146	0.3784481346527133	0.3817077751624093	0.3475597802745171
