33
20866      0.0000000 0.0114887 0.0153693 0.0114959 0.0038258 0.0115072 0.0115173 0.0076597 0.0038100 0.0115388 0.0153649 0.0115145 0.0038170 0.0039784 0.0076597 0.0114959 0.0076723 0.0153553 0.0076455 0.0078430 0.0076648 0.0038338 0.0114959 0.0115145 0.0115072 0.0038076 0.0115072 0.0115068 0.0076455 0.0038076 0.0114959 0.0114855 0.0115173 
101771     0.0114887 0.0000000 0.0192092 0.0076333 0.0154196 0.0076407 0.0076474 0.0114884 0.0153553 0.0153834 0.0114775 0.0076456 0.0076333 0.0039707 0.0114884 0.0076333 0.0038208 0.0114703 0.0038075 0.0117633 0.0114960 0.0076669 0.0076333 0.0076456 0.0076407 0.0153456 0.0076407 0.0076405 0.0114671 0.0153456 0.0076333 0.0076264 0.0076474 
141        0.0153693 0.0192092 0.0000000 0.0192213 0.0193390 0.0192403 0.0192572 0.0153688 0.0192579 0.0192933 0.0231225 0.0192526 0.0114879 0.0119754 0.0153688 0.0192213 0.0153940 0.0231079 0.0153402 0.0157377 0.0153791 0.0115387 0.0192213 0.0192526 0.0192403 0.0192458 0.0192403 0.0192396 0.0153402 0.0192458 0.0192213 0.0192037 0.0192572 
142        0.0114959 0.0076333 0.0192213 0.0000000 0.0154293 0.0076455 0.0076522 0.0114956 0.0153649 0.0153931 0.0038133 0.0076504 0.0076381 0.0079611 0.0114956 0.0076381 0.0038232 0.0038109 0.0038099 0.0117708 0.0115032 0.0076717 0.0076381 0.0076504 0.0076455 0.0153553 0.0076455 0.0076453 0.0114743 0.0153553 0.0076381 0.0076312 0.0076522 
21902      0.0038258 0.0154196 0.0193390 0.0154293 0.0000000 0.0154445 0.0154582 0.0115655 0.0000010 0.0154872 0.0193334 0.0154545 0.0076843 0.0080114 0.0115655 0.0154293 0.0115846 0.0193212 0.0115440 0.0118442 0.0115733 0.0077184 0.0154293 0.0154545 0.0154445 0.0076652 0.0154445 0.0154440 0.0115440 0.0076652 0.0076843 0.0154152 0.0154582 
374292     0.0115072 0.0076407 0.0192403 0.0076455 0.0154445 0.0000000 0.0076597 0.0115068 0.0153800 0.0154082 0.0114959 0.0076578 0.0076455 0.0079692 0.0115068 0.0076455 0.0038269 0.0114887 0.0038136 0.0117826 0.0115145 0.0076792 0.0076455 0.0076578 0.0076530 0.0153703 0.0076530 0.0076528 0.0114855 0.0153703 0.0076455 0.0076386 0.0076597 
25877      0.0115173 0.0076474 0.0192572 0.0076522 0.0154582 0.0076597 0.0000000 0.0115170 0.0153936 0.0154218 0.0115060 0.0076646 0.0076522 0.0079765 0.0115170 0.0076522 0.0038303 0.0114988 0.0038169 0.0117932 0.0115246 0.0076860 0.0076522 0.0076646 0.0076597 0.0153839 0.0076597 0.0076595 0.0114956 0.0153839 0.0076522 0.0076453 0.0076664 
20886      0.0076597 0.0114884 0.0153688 0.0114956 0.0115655 0.0115068 0.0115170 0.0000000 0.0115173 0.0115384 0.0153644 0.0115142 0.0038169 0.0039783 0.0076595 0.0114956 0.0076721 0.0153547 0.0076453 0.0078428 0.0076646 0.0038337 0.0114956 0.0115142 0.0115068 0.0115101 0.0115068 0.0115065 0.0076453 0.0115101 0.0114956 0.0114852 0.0115170 
20887      0.0038100 0.0153553 0.0192579 0.0153649 0.0000010 0.0153800 0.0153936 0.0115173 0.0000000 0.0154223 0.0192524 0.0153899 0.0076524 0.0079767 0.0115173 0.0153649 0.0115362 0.0192403 0.0114959 0.0117936 0.0115250 0.0076862 0.0153649 0.0153899 0.0153800 0.0076335 0.0153800 0.0153795 0.0114959 0.0076335 0.0076524 0.0153509 0.0153936 
25878      0.0115388 0.0153834 0.0192933 0.0153931 0.0154872 0.0154082 0.0154218 0.0115384 0.0154223 0.0000000 0.0192877 0.0154181 0.0076664 0.0079919 0.0115384 0.0153931 0.0115574 0.0192756 0.0115170 0.0118157 0.0115461 0.0077003 0.0153931 0.0154181 0.0154082 0.0154126 0.0154082 0.0154077 0.0115170 0.0154126 0.0153931 0.0153790 0.0154218 
3176982    0.0153649 0.0114775 0.0231225 0.0038133 0.0193334 0.0114959 0.0115060 0.0153644 0.0192524 0.0192877 0.0000000 0.0115032 0.0114847 0.0119719 0.0153644 0.0114847 0.0076648 0.0076402 0.0076381 0.0157331 0.0153747 0.0115354 0.0114847 0.0115032 0.0114959 0.0192403 0.0114959 0.0114956 0.0153358 0.0192403 0.0114847 0.0114743 0.0115060 
110235     0.0115145 0.0076456 0.0192526 0.0076504 0.0154545 0.0076578 0.0076646 0.0115142 0.0153899 0.0154181 0.0115032 0.0000000 0.0076504 0.0079744 0.0115142 0.0076504 0.0038293 0.0114960 0.0038160 0.0117903 0.0115218 0.0076841 0.0076504 0.0076627 0.0076578 0.0153802 0.0076578 0.0076576 0.0114928 0.0153802 0.0076504 0.0076435 0.0076646 
32         0.0038170 0.0076333 0.0114879 0.0076381 0.0076843 0.0076455 0.0076522 0.0038169 0.0076524 0.0076664 0.0114847 0.0076504 0.0000000 0.0000010 0.0038169 0.0076381 0.0038232 0.0114775 0.0038099 0.0039080 0.0038194 0.0000010 0.0076381 0.0076504 0.0076455 0.0076476 0.0076455 0.0076453 0.0038099 0.0076476 0.0076381 0.0076312 0.0076522 
1707       0.0039784 0.0039707 0.0119754 0.0079611 0.0080114 0.0079692 0.0079765 0.0039783 0.0079767 0.0079919 0.0119719 0.0079744 0.0000010 0.0000000 0.0039783 0.0079611 0.0039852 0.0119641 0.0039707 0.0000010 0.0039811 0.0000010 0.0079611 0.0079744 0.0079692 0.0079715 0.0039707 0.0079689 0.0039707 0.0079715 0.0079611 0.0079536 0.0079765 
9772       0.0076597 0.0114884 0.0153688 0.0114956 0.0115655 0.0115068 0.0115170 0.0076595 0.0115173 0.0115384 0.0153644 0.0115142 0.0038169 0.0039783 0.0000000 0.0114956 0.0076721 0.0153547 0.0076453 0.0078428 0.0076646 0.0038337 0.0114956 0.0115142 0.0115068 0.0115101 0.0115068 0.0115065 0.0076453 0.0115101 0.0114956 0.0114852 0.0115170 
22573      0.0114959 0.0076333 0.0192213 0.0076381 0.0154293 0.0076455 0.0076522 0.0114956 0.0153649 0.0153931 0.0114847 0.0076504 0.0076381 0.0079611 0.0114956 0.0000000 0.0038232 0.0114775 0.0038099 0.0117708 0.0115032 0.0076717 0.0076381 0.0076504 0.0076455 0.0153553 0.0076455 0.0076453 0.0114743 0.0153553 0.0076381 0.0076312 0.0076522 
113196     0.0076723 0.0038208 0.0153940 0.0038232 0.0115846 0.0038269 0.0038303 0.0076721 0.0115362 0.0115574 0.0076648 0.0038293 0.0038232 0.0039852 0.0076721 0.0038232 0.0000000 0.0076600 0.0000010 0.0078560 0.0076772 0.0038401 0.0038232 0.0038293 0.0038269 0.0115290 0.0038269 0.0038268 0.0076579 0.0115290 0.0038232 0.0038198 0.0038303 
103089     0.0153553 0.0114703 0.0231079 0.0038109 0.0193212 0.0114887 0.0114988 0.0153547 0.0192403 0.0192756 0.0076402 0.0114960 0.0114775 0.0119641 0.0153547 0.0114775 0.0076600 0.0000000 0.0076333 0.0157230 0.0153651 0.0115282 0.0114775 0.0114960 0.0114887 0.0114886 0.0114887 0.0114884 0.0153262 0.0192282 0.0114775 0.0114671 0.0114988 
1330       0.0076455 0.0038075 0.0153402 0.0038099 0.0115440 0.0038136 0.0038169 0.0076453 0.0114959 0.0115170 0.0076381 0.0038160 0.0038099 0.0039707 0.0076453 0.0038099 0.0000010 0.0076333 0.0000000 0.0078279 0.0076504 0.0038266 0.0038099 0.0038160 0.0038136 0.0114887 0.0038136 0.0038135 0.0076312 0.0114887 0.0038099 0.0038065 0.0038169 
20932      0.0078430 0.0117633 0.0157377 0.0117708 0.0118442 0.0117826 0.0117932 0.0078428 0.0117936 0.0118157 0.0157331 0.0117903 0.0039080 0.0000010 0.0078428 0.0117708 0.0078560 0.0157230 0.0078279 0.0000000 0.0078481 0.0039256 0.0117708 0.0117903 0.0117826 0.0117860 0.0117826 0.0117823 0.0078279 0.0117860 0.0117708 0.0078279 0.0117932 
4558       0.0076648 0.0114960 0.0153791 0.0115032 0.0115733 0.0115145 0.0115246 0.0076646 0.0115250 0.0115461 0.0153747 0.0115218 0.0038194 0.0039811 0.0076646 0.0115032 0.0076772 0.0153651 0.0076504 0.0078481 0.0000000 0.0038363 0.0115032 0.0115218 0.0115145 0.0115177 0.0115145 0.0115142 0.0076504 0.0115177 0.0115032 0.0114928 0.0115246 
80         0.0038338 0.0076669 0.0115387 0.0076717 0.0077184 0.0076792 0.0076860 0.0038337 0.0076862 0.0077003 0.0115354 0.0076841 0.0000010 0.0000010 0.0038337 0.0076717 0.0038401 0.0115282 0.0038266 0.0039256 0.0038363 0.0000000 0.0076717 0.0076841 0.0076792 0.0076814 0.0076792 0.0076790 0.0038266 0.0076814 0.0076717 0.0076648 0.0076860 
21841      0.0114959 0.0076333 0.0192213 0.0076381 0.0154293 0.0076455 0.0076522 0.0114956 0.0153649 0.0153931 0.0114847 0.0076504 0.0076381 0.0079611 0.0114956 0.0076381 0.0038232 0.0114775 0.0038099 0.0117708 0.0115032 0.0076717 0.0000000 0.0076504 0.0076455 0.0153553 0.0076455 0.0076453 0.0114743 0.0153553 0.0076381 0.0076312 0.0076522 
376531     0.0115145 0.0076456 0.0192526 0.0076504 0.0154545 0.0076578 0.0076646 0.0115142 0.0153899 0.0154181 0.0115032 0.0076627 0.0076504 0.0079744 0.0115142 0.0076504 0.0038293 0.0114960 0.0038160 0.0117903 0.0115218 0.0076841 0.0076504 0.0000000 0.0076578 0.0153802 0.0076578 0.0076576 0.0114928 0.0153802 0.0076504 0.0076435 0.0076646 
25305      0.0115072 0.0076407 0.0192403 0.0076455 0.0154445 0.0076530 0.0076597 0.0115068 0.0153800 0.0154082 0.0114959 0.0076578 0.0076455 0.0079692 0.0115068 0.0076455 0.0038269 0.0114887 0.0038136 0.0117826 0.0115145 0.0076792 0.0076455 0.0076578 0.0000000 0.0153703 0.0076530 0.0076528 0.0114855 0.0153703 0.0076455 0.0076386 0.0076597 
22875      0.0038076 0.0153456 0.0192458 0.0153553 0.0076652 0.0153703 0.0153839 0.0115101 0.0076335 0.0154126 0.0192403 0.0153802 0.0076476 0.0079715 0.0115101 0.0153553 0.0115290 0.0114886 0.0114887 0.0117860 0.0115177 0.0076814 0.0153553 0.0153802 0.0153703 0.0000000 0.0153703 0.0153698 0.0114887 0.0076287 0.0153553 0.0153413 0.0153839 
374365     0.0115072 0.0076407 0.0192403 0.0076455 0.0154445 0.0076530 0.0076597 0.0115068 0.0153800 0.0154082 0.0114959 0.0076578 0.0076455 0.0039707 0.0115068 0.0076455 0.0038269 0.0114887 0.0038136 0.0117826 0.0115145 0.0076792 0.0076455 0.0076578 0.0076530 0.0153703 0.0000000 0.0076528 0.0114855 0.0153703 0.0076455 0.0076386 0.0076597 
353134     0.0115068 0.0076405 0.0192396 0.0076453 0.0154440 0.0076528 0.0076595 0.0115065 0.0153795 0.0154077 0.0114956 0.0076576 0.0076453 0.0079689 0.0115065 0.0076453 0.0038268 0.0114884 0.0038135 0.0117823 0.0115142 0.0076790 0.0076453 0.0076576 0.0076528 0.0153698 0.0076528 0.0000000 0.0114852 0.0153698 0.0076453 0.0076384 0.0076595 
1010       0.0076455 0.0114671 0.0153402 0.0114743 0.0115440 0.0114855 0.0114956 0.0076453 0.0114959 0.0115170 0.0153358 0.0114928 0.0038099 0.0039707 0.0076453 0.0114743 0.0076579 0.0153262 0.0076312 0.0078279 0.0076504 0.0038266 0.0114743 0.0114928 0.0114855 0.0114887 0.0114855 0.0114852 0.0000000 0.0114887 0.0114743 0.0114639 0.0114956 
22261      0.0038076 0.0153456 0.0192458 0.0153553 0.0076652 0.0153703 0.0153839 0.0115101 0.0076335 0.0154126 0.0192403 0.0153802 0.0076476 0.0079715 0.0115101 0.0153553 0.0115290 0.0192282 0.0114887 0.0117860 0.0115177 0.0076814 0.0153553 0.0153802 0.0153703 0.0076287 0.0153703 0.0153698 0.0114887 0.0000000 0.0153553 0.0153413 0.0153839 
21495      0.0114959 0.0076333 0.0192213 0.0076381 0.0076843 0.0076455 0.0076522 0.0114956 0.0076524 0.0153931 0.0114847 0.0076504 0.0076381 0.0079611 0.0114956 0.0076381 0.0038232 0.0114775 0.0038099 0.0117708 0.0115032 0.0076717 0.0076381 0.0076504 0.0076455 0.0153553 0.0076455 0.0076453 0.0114743 0.0153553 0.0000000 0.0076312 0.0076522 
101112     0.0114855 0.0076264 0.0192037 0.0076312 0.0154152 0.0076386 0.0076453 0.0114852 0.0153509 0.0153790 0.0114743 0.0076435 0.0076312 0.0079536 0.0114852 0.0076312 0.0038198 0.0114671 0.0038065 0.0078279 0.0114928 0.0076648 0.0076312 0.0076435 0.0076386 0.0153413 0.0076386 0.0076384 0.0114639 0.0153413 0.0076312 0.0000000 0.0076453 
375675     0.0115173 0.0076474 0.0192572 0.0076522 0.0154582 0.0076597 0.0076664 0.0115170 0.0153936 0.0154218 0.0115060 0.0076646 0.0076522 0.0079765 0.0115170 0.0076522 0.0038303 0.0114988 0.0038169 0.0117932 0.0115246 0.0076860 0.0076522 0.0076646 0.0076597 0.0153839 0.0076597 0.0076595 0.0114956 0.0153839 0.0076522 0.0076453 0.0000000 
