8
32         0.0000000 0.0038133 0.0039166 0.0076435 0.0076393 0.0038112 0.0038112 0.0076466 
20866      0.0038133 0.0000000 0.0078551 0.0114960 0.0114896 0.0076435 0.0076435 0.0115006 
20932      0.0039166 0.0078551 0.0000000 0.0118088 0.0118021 0.0078507 0.0078507 0.0118137 
142        0.0076435 0.0114960 0.0118088 0.0000000 0.0076393 0.0114895 0.0038112 0.0076466 
353134     0.0076393 0.0114896 0.0118021 0.0076393 0.0000000 0.0114832 0.0038091 0.0076424 
1010       0.0038112 0.0076435 0.0078507 0.0114895 0.0114832 0.0000000 0.0076393 0.0114942 
1330       0.0038112 0.0076435 0.0078507 0.0038112 0.0038091 0.0076393 0.0000000 0.0038127 
110235     0.0076466 0.0115006 0.0118137 0.0076466 0.0076424 0.0114942 0.0038127 0.0000000 
